173 51
6 26
141 158
142 56
136 130
90 35
133 119
105 94
117 60
38 71
25 19
83 58
143 87
45 107
78 65
20 130
130 20
87 43
80 99
78 111
31 5
23 125
33 81
53 74
146 26
102 13
24 155
67 168
119 138
59 86
62 65
100 96
122 35
39 17
138 100
96 82
61 107
140 122
73 32
17 107
168 146
65 39
49 26
165 67
26 90
148 166
103 167
52 4
121 73
122 144
87 98
20 30
84 62 25 75 79 73 61 16 30 57 21 74 33 34 11 90 18 80 21 91 18 92 91 73 76 60 44 62 41 80 18 18 92 78 12 39 77 92 99 57 30 57 74 63 79 87 71 74 95 11 35 20 10 23 38 58 62 35 18 60 20 65 68 99 100 55 86 62 78 74 53 43 34 71 30 50 97 22 83 23 32 54 32 20 43 54 68 80 48 38 59 43 47 97 62 35 55 84 63 71 12 75 78 17 63 53 44 26 11 90 14 69 77 93 68 86 67 29 51 46 26 12 12 75 80 29 16 46 27 58 66 43 76 45 24 40 11 45 35 99 31 30 72 48 30 49 95 46 81 30 86 96 77 11 89 58 49 45 15 84 67 10 60 46 71 70 73 69 71 99 76 29 95
118
99 131 111 87 113 189 65 37 82 29 195 53 81 40 156 32 42 193 119 121 155 135 112 157 139 149 90 178 25 31 87 125 175 31 187 53 138 108 37 37 139 85 145 69 179 59 185 72 73 121 102 167 74 131 61 198 28 142 141 46 78 148 139 69 138 120 132 84 92 105 113 32 162 114 47 93 115 80 89 128 116 118 196 136 79 88 89 90 64 143 64 184 195 86 66 185 87 154 130 158 103 98 56 152 158 131 192 166 109 67 164 109 133 65 150 184 159 69
74
2 71 44
6 96 43
7 84 26
8 94 44
9 72 45
10 6 78
12 32 74
14 109 53
17 1 63
18 66 43
21 37 47
28 108 87
35 3 43
35 5 25
40 70 46
40 97 37
42 9 20
43 69 41
44 72 45
47 15 91
50 112 89
52 87 37
59 73 79
60 7 71
61 8 100
69 93 28
70 116 98
75 43 25
75 94 83
85 22 51
86 106 77
91 50 54
93 118 62
96 73 79
96 86 94
98 21 45
98 109 82
101 47 36
102 21 89
103 5 50
105 57 60
105 81 96
106 62 85
106 76 100
107 109 82
107 116 79
111 33 43
113 4 98
113 64 85
118 93 22
119 5 71
119 12 33
121 36 33
121 46 82
122 79 97
124 51 37
128 34 45
129 23 36
132 86 35
135 79 76
145 11 65
145 13 93
149 14 41
152 1 78
155 21 45
155 39 81
156 7 35
156 15 93
159 35 96
160 12 94
160 78 52
167 50 37
168 77 89
169 99 99