250 57
63 96
49 208
50 113
53 133
8 143
215 136
124 192
23 78
73 163
99 223
181 11
190 121
99 110
96 92
101 81
77 104
221 229
64 85
109 96
80 209
20 225
166 198
139 49
92 246
117 71
207 160
241 191
92 57
87 86
176 66
77 6
87 128
189 197
205 158
229 69
72 149
145 45
187 99
45 148
111 192
169 32
109 156
8 207
157 240
3 163
210 226
231 41
197 106
151 84
117 217
85 27
125 222
54 169
29 183
11 242
136 228
245 99
62 70 86 30 22 65 37 83 78 19 53 100 10 59 48 34 12 16 90 75 41 33 71 94 68 44 27 67 51 27 36 100 62 14 68 30 23 98 92 88 76 45 21 88 86 63 35 73 50 76 45 78 79 15 75 34 88 37 87 32 59 89 28 14 24 10 14 16 38 71 43 44 83 19 27 47 79 69 56 71 60 91 86 21 14 21 49 93 37 57 25 75 65 88 71 85 21 65 37 74 49 36 48 11 72 28 100 77 84 44 71 63 81 46 41 27 10 47 57 49 99 82 68 50 71 17 70 24 27 87 30 81 37 13 73 74 59 86 51 74 36 38 68 28 100 80 22 96 37 82 29 75 66 29 62 93 92 66 50 46 25 88 76 22 13 12 87 67 23 34 59 86 61 54 45 15 13 30 84 37 80 90 61 17 76 16 31 60 14 32 53 36 70 97 43 71 38 36 60 39 49 15 67 54 60 22 44 44 100 59 21 81 88 60 12 76 12 38 88 31 70 65 54 25 47 84 66 21 28 17 54 47 23 20 41 43 95 99 87 53 18 75 78 69 34 73 98 86 95 40
255
87 85 109 115 169 168 145 192 168 48 140 30 181 162 63 29 200 144 186 154 73 171 64 190 187 96 124 98 135 61 179 184 93 29 124 111 163 157 120 78 199 71 183 187 189 69 90 110 165 121 188 155 67 71 153 183 80 96 32 67 178 132 194 152 148 140 38 77 144 168 173 96 149 145 167 118 155 72 59 33 89 95 193 176 25 150 64 118 125 80 145 136 159 33 87 158 145 106 192 37 97 200 167 144 140 189 162 103 165 186 54 28 60 64 162 105 89 118 30 163 137 29 68 26 100 166 91 45 160 191 67 36 165 88 194 117 163 39 134 29 64 184 59 163 180 160 136 163 107 162 82 64 149 111 195 70 139 82 123 50 60 134 186 104 35 70 178 191 91 106 112 81 147 73 197 145 148 89 109 87 57 123 184 174 95 134 125 27 85 141 98 63 130 118 193 112 111 71 146 144 198 197 111 91 172 196 157 178 41 180 64 188 41 170 97 180 192 97 65 181 113 147 96 134 32 192 136 186 98 78 67 98 185 83 56 143 162 192 177 137 169 90 198 176 168 99 171 91 198 149 111 69 193 188 172
76
7 188 44
7 231 98
8 207 71
9 19 78
10 63 83
10 123 26
12 109 65
22 27 20
26 76 74
28 17 96
32 91 69
33 7 52
44 112 39
45 143 36
47 191 50
48 222 69
49 84 62
50 107 100
51 82 29
53 151 51
55 108 54
58 255 40
71 239 59
81 121 96
81 219 67
84 142 20
87 219 46
91 175 36
96 145 56
98 71 38
101 215 63
104 236 59
108 59 79
109 160 35
113 41 25
121 105 87
125 252 44
126 55 44
131 244 96
132 248 45
142 52 28
144 79 67
144 232 25
145 88 26
156 233 48
157 213 90
162 79 20
164 184 79
167 142 51
179 53 50
183 172 88
188 116 82
188 152 55
194 142 37
194 179 75
196 4 100
200 47 23
200 141 44
200 162 26
200 207 89
201 163 89
211 255 32
215 65 70
216 70 70
218 72 67
220 225 49
222 243 34
223 59 24
227 69 97
231 65 95
242 3 92
242 58 22
242 241 58
243 178 91
247 57 43
250 143 36