180 55
112 158
33 75
14 155
161 141
52 25
115 40
163 55
123 37
136 56
137 120
153 179
73 17
122 170
12 10
170 111
179 64
2 19
93 133
143 136
16 145
21 170
103 15
81 15
97 23
89 81
13 91
44 141
159 120
128 137
40 108
136 179
91 107
156 94
68 30
72 142
20 90
123 78
46 66
136 59
26 60
73 50
23 105
75 88
122 66
114 2
6 158
102 81
77 155
130 103
178 8
174 128
97 44
12 8
162 161
114 123
48 11 88 64 26 27 12 92 93 11 78 65 93 80 59 15 79 13 81 50 92 74 82 48 61 92 65 34 38 43 35 15 31 43 41 71 86 11 64 91 81 24 19 16 62 80 21 88 82 51 28 46 98 62 76 24 43 43 61 100 85 35 62 49 97 46 86 58 95 50 51 24 71 100 89 76 25 21 81 16 93 15 15 99 56 48 99 89 32 67 95 75 61 32 31 15 39 29 54 66 94 23 83 91 49 40 53 10 75 79 66 74 25 81 17 29 41 65 86 41 93 40 42 28 82 19 29 15 87 45 41 28 32 82 87 39 82 77 54 28 42 21 54 74 17 43 12 10 86 80 29 95 68 73 41 16 54 59 14 52 64 56 59 76 81 91 39 36 39 89 23 72 71 69 59 22 89 35 98 75
140
191 154 49 43 144 111 148 149 64 83 145 64 134 160 70 53 153 123 46 127 70 153 36 149 63 172 82 120 62 61 139 85 116 67 85 39 196 99 40 143 160 44 55 117 69 179 168 84 47 98 168 69 62 45 61 46 200 49 78 166 176 157 59 162 98 179 196 99 191 169 174 199 98 34 46 160 108 78 126 109 57 30 179 86 113 81 95 141 28 85 157 152 126 113 200 112 129 184 56 74 132 76 184 78 85 118 154 52 172 139 47 79 156 62 77 28 52 142 28 85 188 148 160 47 125 147 28 116 169 156 53 75 41 192 104 95 51 193 146 143
83
1 69 67
1 101 97
2 24 56
15 77 52
17 21 78
19 24 68
19 32 79
19 40 87
19 93 100
21 122 37
22 53 95
23 110 38
25 20 98
27 10 86
27 82 95
27 103 40
27 126 56
29 49 68
30 68 51
35 24 90
35 71 97
41 47 69
41 102 38
42 10 74
46 103 70
48 37 56
51 107 27
54 104 92
56 21 48
57 1 81
58 37 97
58 138 81
60 100 86
64 117 82
65 27 54
65 72 47
66 90 82
67 105 96
71 44 63
72 89 44
72 108 72
78 7 50
80 17 90
82 25 21
83 92 56
88 77 97
92 110 25
95 1 32
99 4 44
99 9 61
99 18 22
100 54 84
101 96 98
102 94 78
107 33 62
107 64 55
107 121 41
110 7 63
112 121 59
112 137 35
114 23 87
116 113 80
117 58 53
117 71 44
117 110 32
118 137 52
119 56 30
122 27 24
127 131 43
129 103 30
134 28 89
135 9 38
135 64 81
136 59 51
138 18 43
151 57 80
155 28 20
155 98 21
156 95 90
158 133 56
167 29 75
167 42 97
178 136 27