105 50
56 103
89 13
42 30
103 38
59 41
58 105
73 50
89 3
33 32
46 92
52 38
92 12
97 104
95 70
54 55
70 72
102 47
84 94
35 2
66 47
41 4
85 30
12 105
89 31
85 66
69 58
3 101
9 77
41 104
104 58
91 25
86 80
104 34
2 13
10 85
26 17
21 96
95 62
31 32
45 101
94 62
74 31
73 76
2 39
80 59
12 31
96 64
99 79
105 67
65 99
75 15 72 23 60 61 61 39 28 23 15 20 39 87 50 49 34 100 80 60 91 55 87 40 11 82 85 36 12 92 84 58 81 93 38 58 35 64 83 70 94 53 91 27 27 82 44 62 54 15 11 42 65 34 78 88 29 63 22 79 42 77 14 12 78 73 30 21 32 12 48 18 98 34 14 55 94 48 44 43 10 20 54 94 28 75 34 15 53 21 97 47 53 31 87 89 89 62 51 44 92 39 10 21 99
144
147 77 33 175 163 87 138 53 177 144 139 49 112 70 167 40 48 172 101 150 47 40 47 163 173 108 118 195 139 199 36 200 92 123 189 167 144 27 61 188 82 100 51 139 136 149 141 140 185 38 93 141 66 85 178 129 68 60 186 68 85 118 155 193 158 86 94 170 124 122 183 154 38 91 136 83 143 180 27 124 198 102 151 71 34 126 81 26 107 168 72 86 152 102 191 149 166 175 36 154 163 106 193 62 183 129 111 65 67 107 148 141 118 160 87 184 170 156 81 51 187 65 183 153 159 79 140 108 95 107 169 162 100 54 151 46 44 199 26 160 32 135 161 85
70
2 64 62
5 81 53
9 31 23
9 44 39
16 111 91
18 142 43
20 6 82
20 79 81
23 68 55
23 98 91
25 48 43
25 98 22
26 52 34
26 95 46
32 86 35
34 87 23
37 25 26
37 101 43
39 4 78
39 108 26
43 109 57
46 52 34
47 140 21
50 49 40
53 114 71
54 68 52
55 93 37
55 137 36
58 1 64
58 54 55
58 78 98
58 82 48
60 92 66
61 99 84
64 2 57
64 102 85
66 79 97
67 21 28
67 123 95
71 64 71
73 25 79
73 84 90
74 70 74
75 66 60
75 70 49
77 107 69
77 133 60
78 14 23
78 98 38
82 96 96
82 102 62
84 10 53
84 84 91
86 39 23
87 89 82
89 18 91
90 16 48
90 103 53
91 40 61
92 127 26
93 14 21
93 63 71
95 54 44
98 58 34
99 120 38
100 24 90
100 115 83
102 63 90
104 35 86
105 23 22