100 24
59 76
53 59
15 70
45 49
89 98
27 67
56 18
45 2
50 59
75 74
77 98
74 2
56 65
27 14
24 74
62 22
32 61
51 100
97 76
68 53
49 89
48 25
9 66
57 41
27 43 21 39 42 51 25 50 33 31 25 31 20 37 33 52 52 55 48 16 54 60 45 30 27 30 19 47 53 34 40 47 25 59 21 21 40 41 51 42 27 14 57 53 28 32 45 14 16 53 19 39 32 16 34 12 28 60 29 32 35 53 15 54 50 11 17 28 59 52 29 22 10 51 44 14 14 17 11 38 11 32 33 55 25 48 43 50 37 35 44 14 20 54 32 21 57 31 10 56
50
50 64 48 58 71 74 30 36 71 61 48 68 74 72 73 72 35 62 54 28 72 68 43 54 71 34 36 51 27 56 44 30 75 56 64 69 41 43 45 36 52 29 70 48 68 65 37 26 68 27
49
9 40 31
11 21 28
11 38 86
12 48 26
15 2 23
16 40 92
18 48 78
21 37 25
23 48 75
24 5 88
27 6 65
27 16 72
30 42 21
35 28 30
41 26 81
41 42 71
43 4 30
44 47 89
46 43 85
51 40 27
53 17 22
53 40 58
54 15 92
56 13 28
58 22 37
61 26 89
63 49 89
66 30 55
67 15 35
68 22 98
70 37 58
75 19 53
76 6 70
76 22 51
80 10 66
81 15 61
84 25 42
86 20 74
87 23 43
87 35 27
88 35 94
89 13 95
91 42 85
96 33 42
97 20 57
99 15 36
100 22 89
100 25 55
100 26 24