250 300
19 137
80 84
188 247
54 200
234 33
15 123
115 33
129 119
89 40
30 121
109 89
203 53
141 185
132 247
74 17
62 124
77 157
227 22
157 86
141 202
250 86
195 111
180 198
92 97
52 100
210 47
54 157
215 229
131 190
218 65
148 119
147 134
93 223
215 142
227 14
175 4
213 23
246 196
72 203
182 101
38 249
156 73
228 244
224 93
139 222
231 131
124 88
231 66
122 217
164 218
168 169
135 179
202 7
115 159
64 171
175 114
117 72
1 178
157 175
173 218
6 10
213 11
117 97
202 139
147 126
62 115
92 77
142 123
119 233
117 152
34 236
111 135
147 223
240 165
164 87
34 229
113 62
151 64
45 2
53 169
180 106
59 159
207 85
137 33
133 153
250 85
110 226
238 169
246 100
121 201
66 176
59 93
119 141
65 210
50 51
45 178
127 182
75 156
94 170
170 23
58 35
124 30
55 61
203 113
200 245
141 144
93 227
231 189
169 164
76 179
103 210
12 60
173 156
82 100
124 224
22 56
172 121
97 233
240 33
53 202
79 191
164 66
225 228
248 123
219 170
235 171
43 243
88 182
25 222
205 140
1 196
182 110
109 26
241 229
86 152
149 20
153 44
182 153
53 23
2 121
58 200
37 205
11 18
39 174
20 70
188 213
99 79
250 45
158 142
166 91
148 122
221 182
133 90
19 230
38 219
221 46
148 81
133 9
163 15
201 122
92 172
37 108
64 246
193 210
50 197
81 140
210 97
223 168
14 202
246 4
3 208
106 238
96 222
208 76
86 58
217 199
83 116
80 7
233 68
127 51
215 51
37 177
250 65
47 177
35 17
91 51
238 121
115 68
247 19
240 157
195 120
9 6
19 232
185 172
227 71
129 6
209 3
179 102
222 48
94 54
193 230
224 30
50 219
154 237
170 162
199 118
224 24
122 22
192 155
209 37
42 208
149 68
9 183
249 168
140 141
166 15
188 229
188 73
92 172
10 139
42 165
197 153
202 45
21 9
82 115
153 24
98 221
169 200
63 129
105 76
49 31
160 24
113 71
118 143
216 22
110 65
182 159
30 230
96 133
9 43
102 180
216 118
123 73
41 247
215 114
95 88
144 248
192 250
136 10
170 219
222 133
242 188
228 83
221 65
211 12
190 37
154 231
221 157
94 3
83 22
120 172
226 69
104 90
24 50
61 143
27 16
53 13
63 177
140 63
27 193
55 97
155 84
193 164
139 201
61 188
166 244
66 41
151 25
10 67
146 194
74 134
92 137
142 130
26 156
29 202
197 156
163 60
5 180
149 146
170 123
84 12
129 244
159 106
174 195
1 54
200 3
147 23
138 249
154 246
171 243
100 58 16 73 50 90 16 39 85 72 72 73 85 90 67 46 59 65 98 78 96 26 54 33 72 33 30 50 96 67 46 100 68 90 58 53 29 27 39 50 34 40 13 38 49 73 34 77 34 71 86 79 90 69 37 26 51 42 30 18 92 42 60 63 52 53 61 78 88 35 63 53 95 98 84 46 86 78 84 29 53 34 80 75 80 83 34 93 27 50 96 24 68 75 24 65 33 79 43 66 25 94 32 92 40 87 92 93 73 100 34 65 69 30 64 51 72 11 36 70 34 64 78 49 21 62 18 26 99 72 17 22 13 68 34 17 36 33 40 10 22 83 72 22 50 67 56 81 92 99 46 21 15 52 51 11 31 13 54 24 18 93 39 44 55 22 82 63 35 30 100 44 98 58 32 10 76 35 38 26 49 64 25 28 46 59 60 11 70 22 82 77 15 76 58 41 33 54 24 32 11 37 78 74 30 71 85 15 24 60 86 71 75 47 61 19 92 46 73 27 79 32 75 54 60 95 92 86 54 95 38 21 59 90 93 39 26 60 97 71 55 82 29 79 25 88 51 44 19 82
150
131 37 95 72 116 133 125 149 92 114 136 105 171 28 29 108 44 84 124 124 36 81 59 94 160 153 124 193 125 40 55 179 84 142 125 112 140 195 52 181 129 62 98 90 67 198 41 142 138 136 91 98 123 49 184 189 148 114 131 125 50 31 133 143 114 57 33 80 82 143 74 185 169 93 99 158 34 143 72 163 186 53 127 105 83 35 42 127 153 110 180 70 200 148 167 156 70 187 70 26 110 137 159 29 193 36 82 175 187 108 159 25 189 55 93 102 114 171 148 188 125 133 28 44 125 45 66 172 178 42 92 178 80 176 118 49 195 110 130 104 124 111 120 186 150 109 159 174 124 166
600
1 110 32
2 121 77
3 21 42
3 56 77
3 80 28
3 140 70
4 62 41
5 13 31
5 28 61
5 45 75
5 91 89
5 101 50
6 34 37
6 128 97
6 135 46
8 91 79
8 99 83
8 105 97
9 88 49
9 91 36
10 98 72
10 116 51
10 126 82
11 23 76
11 124 60
11 149 79
13 11 54
13 16 42
13 132 48
13 142 52
14 12 86
14 21 73
14 101 38
14 138 82
15 14 64
15 144 99
16 50 94
16 52 31
17 23 76
17 24 48
18 77 77
18 142 72
19 5 78
20 138 20
22 123 97
22 125 92
22 146 55
22 147 28
23 137 84
24 100 89
25 131 76
26 12 48
26 44 64
26 46 60
27 81 37
27 97 26
28 81 69
28 106 64
28 114 28
30 63 99
30 86 65
30 114 20
30 138 66
31 135 77
32 14 99
32 75 21
32 94 34
32 129 96
33 13 75
33 26 87
34 81 43
35 130 65
36 64 62
36 133 57
36 138 30
37 2 63
38 61 83
38 108 82
39 69 21
40 61 69
41 57 90
41 127 28
41 148 42
42 81 90
42 103 26
42 145 56
43 70 73
43 80 68
43 121 52
45 50 68
47 113 65
47 138 78
48 98 61
48 146 21
49 75 75
49 115 74
49 147 38
51 45 75
51 59 24
52 27 52
52 91 29
53 10 91
53 34 71
53 42 65
54 24 50
54 28 65
54 29 86
54 72 73
55 23 72
55 52 76
55 79 76
55 83 37
55 97 31
55 105 91
55 118 31
55 126 73
56 34 62
56 74 45
57 56 34
57 68 31
58 11 83
58 125 61
59 73 27
59 80 20
59 107 97
60 58 31
62 5 66
62 69 57
62 75 70
62 85 89
63 60 77
63 70 50
63 79 73
63 106 82
63 149 50
64 61 52
66 42 44
66 84 55
66 103 58
66 134 80
66 137 40
66 150 27
67 23 93
67 93 70
67 132 52
68 44 48
69 136 23
70 83 58
70 88 74
70 107 54
71 71 22
71 96 76
71 98 84
72 19 59
72 52 30
72 137 45
73 50 60
74 7 56
74 30 63
74 141 61
75 20 93
75 94 67
75 133 24
76 72 64
77 18 36
77 32 37
77 137 32
78 24 30
78 67 41
78 74 24
78 117 61
79 35 26
79 119 93
79 134 25
81 127 59
82 124 90
83 99 72
84 139 73
85 20 88
85 36 57
85 80 66
86 43 22
86 123 58
87 12 43
87 35 53
87 50 30
87 138 60
88 108 43
89 54 65
89 108 91
89 129 49
90 4 63
90 21 21
90 117 48
91 25 91
91 58 24
91 132 88
91 149 31
92 48 68
92 72 55
92 77 97
92 93 30
93 10 73
93 102 47
93 144 98
94 8 34
94 48 29
94 128 25
95 2 56
95 137 39
96 30 77
96 137 83
97 11 46
97 114 89
99 68 29
99 109 80
100 99 55
101 120 55
102 101 56
103 8 78
103 42 92
103 79 20
103 92 51
104 69 25
104 94 38
104 139 37
104 150 68
105 85 54
105 123 100
107 9 59
107 27 63
107 144 47
108 13 38
108 124 62
109 13 64
110 75 39
110 147 69
111 34 60
112 140 20
113 8 71
113 24 33
113 49 24
113 62 45
113 87 37
114 12 30
114 122 77
115 146 71
116 23 56
117 14 65
117 43 41
117 46 57
117 92 21
117 145 82
118 2 85
118 99 33
119 21 55
119 27 23
119 81 76
119 99 91
119 112 46
120 23 70
120 59 99
120 76 45
120 113 44
120 127 70
121 25 86
121 59 87
121 80 34
121 109 39
121 121 85
121 138 80
122 30 94
122 45 100
122 106 89
123 94 81
125 24 91
125 45 37
125 55 45
125 107 83
126 17 76
126 31 23
126 120 33
126 150 45
127 27 89
127 90 21
127 107 75
127 115 88
127 122 77
128 101 35
129 52 85
129 127 70
129 128 61
130 71 21
130 79 83
132 41 84
132 56 90
132 116 83
133 54 40
134 27 88
134 62 78
134 84 30
135 4 41
136 51 95
136 84 53
136 132 96
137 12 57
138 98 100
139 79 77
139 110 63
140 26 38
140 58 62
140 130 86
141 1 80
141 14 31
141 48 93
141 141 29
142 142 74
143 63 81
143 121 70
143 125 93
144 11 71
144 64 26
146 63 80
146 70 53
147 63 36
147 115 34
148 37 46
148 104 69
148 105 39
149 27 50
149 31 28
149 34 41
149 43 81
150 48 37
150 127 29
150 145 65
151 99 95
152 77 26
152 79 51
152 96 35
152 131 59
153 114 70
154 75 44
155 31 93
155 46 35
156 43 92
156 52 44
156 109 64
156 132 75
156 146 91
157 26 21
157 87 20
157 104 24
158 80 83
158 139 64
158 141 44
159 2 25
159 41 22
159 78 39
159 83 63
159 93 77
160 14 81
160 57 83
161 53 59
162 11 97
162 141 57
163 63 27
163 72 88
163 79 46
163 127 82
164 65 27
164 101 26
164 115 91
165 16 35
165 38 43
165 146 48
166 44 56
166 98 34
167 3 87
168 53 56
168 88 68
168 122 25
168 130 35
169 26 63
169 68 66
169 80 68
169 138 43
170 34 93
170 70 52
171 11 40
171 34 29
171 38 44
171 78 61
171 125 47
171 148 71
172 28 58
173 82 74
173 119 70
173 143 31
173 145 33
174 5 21
174 16 62
174 137 64
175 31 65
175 59 92
175 94 35
175 147 33
176 26 61
176 139 50
177 6 90
177 41 71
177 93 58
177 130 55
177 138 69
177 149 44
178 36 38
178 100 74
179 108 89
180 13 55
180 93 91
181 68 89
181 80 78
181 96 80
182 1 62
182 104 39
183 37 88
183 117 61
183 126 71
183 148 66
184 33 37
184 144 99
185 4 29
185 54 26
187 95 44
187 139 25
188 22 36
188 39 56
188 136 85
189 8 50
189 14 79
189 36 59
189 61 83
189 82 52
189 150 26
190 87 99
190 141 34
191 4 90
191 16 39
191 17 61
191 37 37
191 38 95
192 44 82
192 75 32
192 123 85
193 102 92
193 131 57
194 18 96
194 20 65
194 24 86
194 109 78
194 135 29
195 18 33
195 53 44
195 58 28
195 74 92
196 50 84
196 107 42
197 20 65
197 26 23
197 60 68
197 69 99
197 118 22
198 72 59
198 125 71
199 12 23
199 47 99
199 71 35
200 16 60
200 36 94
200 71 29
200 123 74
201 103 77
201 131 34
203 34 25
203 82 57
203 101 72
203 147 87
204 65 34
204 147 48
205 39 65
205 61 42
206 101 36
206 131 82
207 49 77
208 21 60
208 127 41
209 95 22
209 97 91
209 118 69
210 26 74
210 118 50
210 128 45
210 130 54
211 41 95
212 110 35
213 27 65
213 35 45
213 145 55
214 24 32
215 74 54
216 7 91
216 65 51
218 28 96
218 35 41
219 6 60
219 70 59
220 56 21
220 149 59
221 136 25
221 139 25
222 15 72
222 16 68
223 30 29
223 41 80
223 48 42
223 122 64
223 123 54
223 124 99
224 29 89
224 36 31
224 136 92
225 2 33
225 56 99
225 93 95
225 97 24
225 126 21
225 131 90
226 12 92
227 4 82
227 47 93
227 61 86
228 67 88
228 110 51
230 53 88
230 94 22
230 125 22
230 129 26
231 17 29
231 88 67
231 99 79
231 116 96
231 118 35
231 137 64
232 108 70
233 62 60
233 100 26
233 150 52
234 70 68
234 150 67
235 32 67
235 48 84
235 119 39
235 142 20
236 6 87
236 15 75
236 129 53
236 143 53
237 15 95
237 23 63
237 79 99
239 16 55
239 26 75
239 147 91
240 66 93
241 4 28
241 53 51
242 43 94
242 63 21
242 121 61
243 8 37
243 46 50
243 78 27
243 94 80
243 137 28
244 37 41
244 103 91
244 130 53
245 51 36
245 86 45
245 109 65
245 121 85
246 6 30
246 61 51
246 147 86
247 15 44
248 6 37
248 101 73
249 54 31
249 83 66
250 24 32
