100 107
65 64
7 37
77 49
26 100
19 49
86 97
64 51
96 22
95 75
68 26
96 33
71 69
12 77
59 83
11 45
67 38
88 86
85 32
51 39
28 75
61 93
26 36
96 100
50 2
52 39
66 42
46 35
65 48
94 27
45 10
90 19
76 57
29 26
40 7
15 75
41 1
29 89
25 69
52 81
52 84
56 35
72 16
19 76
86 75
96 51
88 58
98 40
70 92
88 32
50 46
3 39
10 69
78 52
61 34
60 22
33 1
38 92
12 46
96 26
9 80
32 42
62 73
35 89
43 22
57 28
45 20
32 18
43 66
47 68
76 9
16 48
81 14
79 48
84 46
90 55
77 44
85 77
22 18
4 3
71 72
61 9
10 88
52 55
80 14
100 26
23 33
49 41
3 58
11 80
12 51
100 37
87 21
52 64
61 91
70 9
46 40
59 3
99 77
76 81
96 29
37 79
100 91
30 64
86 32
19 52
14 65
17 8
33 54 44 47 17 28 33 67 50 47 34 14 64 46 68 59 31 64 73 39 67 60 97 41 44 43 88 36 11 60 69 56 38 60 62 20 66 75 27 92 48 17 25 44 16 40 73 57 76 54 29 41 53 70 86 31 36 90 36 11 69 86 75 27 69 64 99 76 25 32 47 98 35 67 53 74 18 47 79 18 11 30 97 37 85 97 54 71 32 51 54 73 64 27 32 79 26 83 99 41
150
33 66 40 187 130 169 110 72 49 191 127 87 199 32 148 181 42 78 105 108 179 61 168 111 196 197 115 63 107 162 134 103 82 116 172 146 169 79 27 89 155 55 94 66 64 139 83 66 117 196 171 49 140 26 191 27 191 146 151 56 42 150 185 167 55 37 157 30 200 75 101 124 68 180 125 184 37 72 197 184 81 164 111 118 73 114 170 39 34 65 54 118 182 36 187 58 26 134 89 111 49 136 45 128 128 198 156 62 177 33 158 168 171 154 138 60 123 33 171 161 101 166 116 37 141 151 162 118 70 88 141 94 29 29 132 43 48 124 150 54 38 91 193 57 57 54 77 177 51 150
481
1 17 36
1 55 66
1 57 56
1 144 53
2 7 69
2 15 57
2 70 77
2 115 72
2 137 66
3 14 51
3 50 59
3 57 32
3 111 96
3 126 65
3 149 21
4 9 84
4 23 83
4 43 99
4 90 28
4 101 57
5 16 81
5 39 70
5 79 87
5 94 93
5 119 41
6 140 46
7 3 49
7 129 56
8 50 75
8 111 91
8 139 93
8 140 53
8 141 67
9 142 77
9 145 91
10 11 52
10 58 96
10 120 35
11 39 42
11 87 43
11 102 52
11 108 94
11 111 87
11 148 82
12 67 78
12 81 89
12 87 27
12 117 78
12 136 95
12 137 21
13 16 29
13 24 97
13 50 77
13 100 91
13 109 78
14 9 38
14 54 82
14 56 99
14 93 28
14 115 78
14 133 83
15 1 84
16 73 64
16 93 49
17 10 40
17 30 98
17 103 89
17 137 78
17 138 73
18 25 36
18 58 87
18 91 42
18 101 20
18 127 51
19 27 93
19 32 86
19 40 35
19 71 60
19 109 67
20 89 61
20 94 26
20 127 100
20 128 50
21 18 74
21 91 91
22 7 87
22 11 57
22 12 74
22 34 44
22 38 58
22 52 98
22 98 64
22 119 44
22 133 71
22 136 73
23 45 96
23 56 64
23 64 29
23 67 65
23 116 85
23 139 93
24 36 57
24 37 75
24 56 64
24 144 54
25 45 91
26 9 87
26 12 48
26 27 59
26 30 46
26 89 62
26 112 40
27 25 50
27 59 56
27 74 44
28 28 88
28 44 40
28 62 31
28 70 48
29 45 63
29 63 78
29 81 97
29 83 94
29 97 28
29 101 91
29 121 33
30 26 67
30 69 35
30 79 96
30 116 23
31 15 68
31 23 97
31 28 43
31 44 46
31 68 49
31 90 91
31 93 28
31 129 88
32 36 26
32 53 61
32 109 23
33 12 34
33 45 54
33 60 91
33 89 92
33 100 88
33 109 22
33 121 74
34 5 88
34 11 41
34 127 94
34 129 66
34 132 88
34 133 97
34 141 100
35 8 56
35 19 89
35 60 50
35 81 36
35 132 83
35 141 59
36 19 42
36 39 36
36 50 59
36 58 62
36 88 92
36 143 57
37 11 61
37 28 60
37 34 28
37 48 89
37 108 27
37 128 64
37 149 52
38 78 40
39 30 25
39 45 49
39 50 95
39 70 84
39 108 56
39 122 79
40 8 25
40 12 61
40 15 93
40 26 25
40 66 54
40 82 89
40 94 40
40 148 87
41 16 23
41 92 25
41 114 100
41 130 84
42 141 38
43 26 43
43 56 58
43 82 77
43 111 54
43 139 72
44 2 44
44 18 53
44 23 24
44 30 41
44 34 68
44 72 46
44 85 36
44 133 60
45 5 53
45 83 85
45 121 42
46 12 66
46 38 25
46 89 39
46 94 53
46 112 90
46 145 70
47 15 74
47 38 97
47 62 24
47 64 77
48 11 33
48 42 35
48 54 33
48 107 96
49 13 47
49 80 92
49 105 75
49 134 93
49 138 69
49 140 100
50 21 73
50 71 75
50 117 66
50 129 85
50 130 62
50 134 42
51 32 33
51 34 69
51 57 96
51 77 29
51 125 67
52 28 38
53 7 20
53 23 84
53 46 83
53 53 73
53 86 69
53 92 88
53 106 71
53 116 48
53 132 35
54 22 57
54 138 93
54 142 84
55 6 45
55 71 58
55 77 100
55 81 22
55 96 68
55 116 24
55 120 48
56 23 74
56 93 87
56 126 82
57 12 100
57 32 45
57 69 24
57 82 47
58 10 87
58 14 98
58 33 24
58 65 72
58 77 42
58 117 69
58 118 56
59 14 47
59 28 29
59 33 39
59 55 57
59 86 26
59 102 77
59 105 92
59 145 67
59 150 73
60 33 74
60 62 30
60 92 51
60 134 53
60 149 55
61 117 38
61 131 31
61 142 79
61 144 49
62 21 48
62 76 37
62 141 83
63 22 33
63 57 23
63 61 49
63 74 29
63 87 92
63 93 53
63 94 22
63 95 99
63 115 74
63 118 48
63 125 50
64 32 45
64 91 61
64 95 24
64 106 48
64 128 93
64 139 34
65 23 93
65 53 54
65 55 90
65 86 95
65 96 29
65 120 93
65 143 80
66 75 45
66 83 47
68 35 66
68 47 79
68 77 39
68 85 98
68 96 36
68 119 20
69 3 49
69 15 67
69 142 87
70 101 52
70 115 27
70 137 51
70 139 39
71 8 80
71 11 65
71 33 69
71 62 61
71 84 39
71 105 38
71 123 86
71 140 56
71 145 91
71 147 76
72 33 45
72 41 55
72 69 51
73 23 77
73 88 43
73 117 51
73 136 71
73 144 29
73 146 33
74 16 34
74 23 37
74 46 54
74 69 26
74 108 23
74 112 34
75 50 23
75 120 68
75 135 34
76 56 79
76 68 98
76 129 86
76 139 82
77 22 47
77 24 95
77 102 30
77 114 80
78 24 89
78 51 93
79 28 64
79 68 44
79 70 36
79 86 94
79 103 44
79 105 66
79 107 70
79 124 21
79 148 39
80 18 39
80 103 84
80 113 96
80 145 45
81 8 28
81 111 75
82 1 67
82 31 77
82 49 22
82 61 39
82 95 34
82 132 45
83 27 52
83 49 80
83 62 75
83 101 84
83 107 37
83 110 66
83 114 38
83 123 94
83 137 96
83 145 78
84 24 68
84 25 77
84 48 34
84 60 78
84 86 99
84 94 68
85 30 36
85 94 95
86 28 25
86 31 85
86 48 33
86 142 88
87 26 63
87 53 23
87 119 85
87 122 71
88 115 83
89 6 90
89 18 40
89 34 83
89 137 25
90 98 93
90 108 23
90 128 95
90 129 72
91 12 77
91 18 49
91 39 27
91 43 73
91 59 59
91 109 91
91 111 73
91 117 62
91 125 40
92 18 28
92 27 62
92 35 65
92 38 95
92 39 41
92 41 74
92 66 36
93 123 66
93 128 47
94 7 63
94 29 22
94 33 58
94 34 65
94 39 66
94 58 85
94 106 25
94 116 41
94 130 56
94 136 86
95 11 57
95 19 90
95 115 75
95 134 58
96 4 50
96 56 75
96 88 88
96 100 56
96 114 39
96 118 69
96 128 26
96 136 92
97 20 55
97 30 93
97 50 68
97 61 72
97 140 56
99 12 53
99 40 33
99 62 92
99 68 32
100 60 35
100 116 98
100 135 82
