200 45
28 8
75 156
126 42
148 49
195 27
26 190
136 199
68 130
130 128
167 98
49 173
177 24
96 173
186 69
70 149
192 37
80 44
143 198
148 124
36 12
101 58
53 124
41 102
115 157
12 154
95 87
4 58
49 92
26 73
39 114
96 158
36 43
156 155
75 24
94 14
149 121
115 11
193 90
98 71
67 45
1 81
113 23
76 159
90 27
122 91
57 49 75 57 36 30 44 73 88 30 34 85 65 12 80 99 22 42 33 80 74 99 76 61 24 13 83 11 34 34 28 17 96 67 91 59 35 44 67 50 90 95 35 77 84 26 30 45 61 25 39 26 11 80 63 23 13 98 63 45 29 56 64 33 17 73 15 50 65 28 95 61 98 96 38 28 42 35 90 30 63 53 38 71 71 32 78 41 43 18 59 63 30 38 78 51 10 22 42 52 26 81 48 75 45 50 82 71 47 33 100 35 91 14 54 60 44 79 47 19 99 88 70 39 93 17 93 63 66 28 23 79 28 31 14 84 56 57 70 16 57 99 31 48 17 68 62 37 57 58 35 56 22 49 64 90 57 84 51 41 84 80 66 99 49 42 92 89 31 31 70 26 71 35 11 38 45 56 12 74 23 17 62 64 87 10 54 66 73 56 11 19 47 25 86 66 43 86 85 45  
225
126 49 34 183 199 168 47 71 70 75 123 71 31 34 122 187 83 87 177 47 39 152 41 66 25 89 51 175 37 116 169 104 164 127 71 32 150 103 80 194 101 161 37 73 196 196 55 55 47 149 26 192 63 200 72 81 181 140 87 123 138 177 148 199 80 164 30 107 38 27 177 153 199 147 110 161 47 103 51 151 47 102 72 88 122 99 194 45 118 158 143 188 84 146 105 168 64 40 123 141 34 33 65 53 84 190 169 39 127 58 137 50 72 159 95 150 87 167 136 42 179 185 95 167 97 94 103 114 155 43 141 106 164 61 29 106 182 106 107 160 88 83 127 128 101 196 25 158 105 181 144 118 115 110 102 159 120 143 175 200 142 181 147 137 114 146 115 66 185 191 77 55 57 110 43 137 75 75 124 95 180 162 195 136 122 34 187 135 192 149 180 136 140 33 135 177 63 148 141 63 111 28 62 186 59 156 81 109 89 109 197 166 131 119 191 166 190 78 157 46 163 35 112 87 49
81
4 88 69
11 3 74
11 65 37
15 153 63
18 52 87
19 172 53
20 203 86
25 70 100
30 54 92
31 160 55
32 40 39
35 22 83
38 194 79
45 45 79
45 99 95
45 192 50
47 52 82
48 184 82
48 221 70
49 212 63
57 189 49
59 85 29
60 146 36
63 150 64
67 149 89
67 158 80
68 33 30
69 50 21
70 187 76
71 107 37
76 105 45
79 111 23
80 9 30
80 116 28
80 120 82
80 183 90
86 123 88
87 135 32
93 161 91
94 167 27
101 180 65
103 64 27
108 217 63
111 46 31
116 64 68
116 155 75
116 224 56
121 8 96
123 178 45
128 67 28
129 2 79
131 106 76
132 102 80
133 119 28
134 174 67
134 201 66
136 61 44
137 4 96
138 190 67
140 101 73
146 159 45
148 106 96
151 115 25
154 54 99
156 31 53
162 165 94
162 166 92
178 50 71
178 139 81
179 55 43
179 146 62
179 222 81
183 84 56
185 204 77
186 214 90
188 122 47
189 120 25
190 217 59
190 223 65
191 193 85
198 209 34