300 40
272 65
165 251
70 83
82 182
191 105
294 147
55 85
181 155
263 23
179 290
94 113
126 103
265 106
190 272
143 222
288 187
191 117
171 242
173 272
200 131
215 9
153 220
258 134
241 216
97 267
234 200
87 200
144 31
296 112
232 227
230 284
270 34
163 32
102 32
230 205
64 166
253 123
11 278
254 132
244 121
78 87 78 41 28 44 94 22 100 99 10 85 26 20 30 66 90 46 38 48 86 84 20 81 68 46 91 63 60 47 73 70 68 33 21 36 43 58 36 87 75 94 55 65 58 17 54 91 13 80 78 100 81 78 21 82 15 38 78 81 55 17 11 34 92 32 20 68 41 78 17 89 27 31 69 17 85 59 98 48 20 74 85 21 44 47 84 19 50 47 100 13 69 46 95 33 53 49 76 93 12 88 32 51 74 94 63 66 18 63 31 18 23 67 65 68 23 70 57 60 68 43 41 68 44 20 75 33 11 69 45 40 20 14 60 82 45 43 13 32 56 96 92 40 56 71 40 62 16 31 78 77 52 74 68 96 54 75 32 78 45 15 48 78 17 81 34 42 94 94 49 71 63 67 94 87 73 57 14 25 67 26 74 97 23 88 78 27 24 90 84 81 95 70 51 34 49 55 92 18 53 54 47 24 90 32 40 78 22 89 16 56 96 54 46 22 43 38 92 16 52 25 57 54 83 64 29 12 32 10 16 83 41 78 97 81 92 70 31 92 12 99 14 53 31 19 86 25 73 26 57 24 55 62 54 70 69 93 85 52 80 41 19 15 57 94 84 74 74 27 57 67 82 63 78 80 48 55 45 82 15 19 21 47 94 45 80 37 87 76 94 54 39 20 80 86 17 86 82 54
320
139 104 86 155 181 49 197 36 86 91 130 57 36 133 42 159 141 85 53 151 165 25 35 89 195 59 150 109 178 55 57 84 196 120 31 143 84 44 26 111 82 124 119 52 167 47 145 146 122 40 199 162 151 191 195 58 77 130 140 32 173 82 189 114 149 36 132 46 107 114 67 184 34 194 100 117 199 106 33 134 116 191 192 132 144 30 166 141 47 153 56 136 70 38 172 86 85 128 112 114 43 185 104 38 200 84 93 72 107 199 81 91 81 77 98 98 108 94 137 192 45 56 89 190 156 132 96 52 47 59 173 57 196 123 27 195 132 77 34 64 67 34 79 44 109 35 154 52 151 79 118 101 46 113 171 27 124 181 178 184 116 169 77 86 62 48 166 170 115 116 40 112 189 66 181 39 154 42 76 149 43 81 33 123 127 98 135 187 50 44 113 69 173 117 25 161 45 82 48 127 106 195 169 48 69 50 125 190 50 86 26 179 96 130 166 137 180 173 137 101 176 49 67 143 95 188 180 40 107 95 92 193 98 84 86 122 89 29 59 85 136 112 154 134 29 25 73 127 196 125 137 184 85 47 80 62 112 68 125 172 189 37 149 52 175 37 62 200 43 170 98 46 30 101 92 112 190 30 35 153 70 154 112 84 90 149 107 131 157 80 25 77 100 26 160 183 196 55 35 39 84 183 197 168 33 160 138 125 93 160 151 119 47 193 173 144 94 126 196 125
88
2 125 65
6 271 85
8 21 45
12 245 32
14 20 76
14 28 29
25 288 80
28 308 64
34 43 92
35 28 65
38 27 63
44 214 26
46 74 79
53 236 78
55 275 89
58 20 75
61 46 28
69 38 63
71 6 33
75 164 68
86 233 26
89 21 23
93 83 62
95 23 47
98 39 61
101 263 22
110 6 31
110 127 68
112 86 22
114 197 77
114 314 32
115 51 71
116 44 91
123 158 21
124 102 39
127 226 61
132 230 41
135 162 89
135 251 22
136 17 89
143 83 63
149 173 57
152 204 89
152 240 66
157 283 92
158 76 42
165 192 60
165 198 75
168 152 42
170 301 55
174 169 36
175 280 28
176 126 66
180 229 94
182 61 73
182 251 34
183 141 74
186 29 51
190 126 86
190 247 88
192 285 40
208 42 86
212 109 48
216 206 27
225 24 58
228 69 68
232 4 30
232 107 50
234 103 92
236 56 57
237 286 73
240 291 46
241 127 58
245 134 92
246 244 39
249 275 73
250 3 52
250 69 21
255 119 20
258 128 29
268 262 59
269 271 41
278 146 52
280 259 67
281 282 51
283 29 74
290 186 34
291 146 83