123 55
111 19
74 91
40 78
100 17
28 117
49 10
6 26
89 8
55 18
64 51
108 111
110 54
60 56
58 25
56 49
108 66
118 100
25 95
65 70
104 63
13 117
113 89
91 112
87 81
62 113
97 53
34 33
105 112
26 68
115 54
13 99
115 121
91 105
26 84
19 74
103 99
9 116
23 40
114 46
18 70
115 122
59 98
23 63
83 86
95 6
92 80
69 80
98 46
4 96
77 122
42 33
43 103
88 76
118 4
71 83
52 77 22 73 81 85 32 63 83 97 60 44 45 60 61 12 83 32 93 34 66 33 59 50 76 36 99 71 75 20 60 96 75 69 28 95 36 85 93 99 17 57 35 92 65 69 30 77 19 71 38 58 87 95 99 24 84 54 79 53 33 67 21 75 61 37 19 46 59 19 63 89 35 42 95 36 85 53 15 53 72 22 80 32 45 30 97 36 72 88 40 65 45 54 90 26 41 75 22 68 42 25 50 10 90 71 78 40 10 73 27 31 36 64 27 16 70 78 82 25 45 25 80
146
69 75 191 90 31 59 171 180 59 100 97 47 90 101 111 93 94 198 33 199 32 61 182 51 105 135 107 195 169 157 187 84 124 166 183 169 117 83 54 47 98 106 127 127 80 54 45 185 72 63 74 38 111 200 30 146 110 171 157 182 83 181 129 199 139 112 189 197 135 108 44 112 92 179 85 35 126 77 157 32 163 172 42 70 152 156 38 178 105 97 140 163 28 77 187 177 107 61 191 125 106 199 43 110 79 137 68 45 184 32 128 55 171 110 80 106 129 65 50 118 31 80 176 42 150 183 186 195 136 194 133 72 154 121 92 49 64 59 43 102 162 122 161 91 83 180
73
1 14 25
1 27 58
1 81 81
4 14 33
6 44 62
7 94 88
9 100 98
13 38 65
13 132 31
15 15 42
15 143 25
18 24 37
18 66 36
18 78 67
24 122 81
25 34 57
27 62 59
29 43 38
29 127 48
30 34 38
30 83 42
33 13 95
33 42 30
33 103 33
39 51 35
39 137 26
41 72 86
42 85 24
42 101 75
45 97 51
45 134 49
46 96 49
47 116 76
49 7 97
49 10 42
49 43 38
49 120 60
51 94 54
53 104 86
57 73 45
65 2 85
68 31 72
68 42 89
71 77 81
74 68 44
75 86 81
80 119 28
82 90 23
84 56 29
85 30 60
87 72 23
88 46 93
88 91 90
90 19 43
90 33 90
91 82 77
93 121 67
94 101 98
98 28 80
98 108 73
99 107 28
103 41 71
103 70 45
104 136 49
106 132 52
109 141 48
110 127 58
113 63 32
114 36 33
117 45 27
119 92 79
120 56 59
121 82 82