20 15
16 20
16 15
3 7
9 7
9 20
2 10
13 18
2 10
4 11
5 15
7 18
14 15
7 12
8 13
2 19
31 62 64 58 75 32 53 65 76 57 11 63 49 78 55 71 40 52 52 12
45
95 40 76 88 80 40 33 64 61 50 32 81 62 88 26 84 45 44 31 28 72 56 89 87 74 41 32 94 84 40 57 90 64 92 34 29 32 82 68 27 51 34 73 69 53
40
1 8 26
1 20 59
3 24 29
3 27 100
3 45 61
4 18 56
4 29 59
5 3 68
5 12 99
5 41 49
6 2 20
6 12 21
6 35 66
8 1 97
8 43 47
9 16 90
9 38 63
10 12 63
10 35 48
10 40 86
12 2 66
12 24 59
12 27 35
12 45 77
13 14 25
13 38 42
13 41 29
14 32 41
14 34 33
15 41 61
16 14 77
18 28 69
18 32 67
19 8 75
19 13 72
19 18 89
19 21 58
19 24 96
20 19 87
20 28 33