29 16
2 29
25 29
8 15
1 23
26 7
2 5
23 24
20 5
15 5
28 6
25 5
12 13
1 19
20 27
8 29
18 5
35 14 71 21 24 38 76 59 35 80 39 76 49 56 20 41 21 44 20 18 17 17 48 71 19 24 74 78 70
40
84 44 64 93 43 86 87 81 57 62 36 60 56 69 29 37 50 71 91 46 39 25 74 70 72 27 35 63 72 37 52 40 63 94 36 91 59 48 86 52
25
2 13 93
2 23 36
5 14 30
7 11 92
8 15 49
10 22 84
11 10 58
11 32 37
12 3 40
13 37 49
15 14 78
15 23 28
18 29 74
19 10 28
19 22 24
21 32 96
21 37 77
22 18 91
23 11 33
23 13 34
24 2 68
27 11 81
28 36 50
29 15 23
29 30 46