25 10
8 12
17 15
4 17
11 24
19 23
9 5
25 3
7 20
11 22
22 10
15 35 45 21 23 64 13 78 34 72 65 75 35 70 57 38 69 68 48 32 60 54 51 31 80
39
93 83 38 26 82 86 35 26 78 75 43 42 74 76 71 75 46 53 34 51 46 65 49 36 86 78 63 52 63 91 38 39 66 91 92 56 44 44 77
26
2 20 39
5 15 27
6 19 86
7 2 80
7 12 41
7 27 94
8 2 63
11 26 64
12 4 77
12 31 83
13 15 68
14 2 90
15 26 24
15 31 84
15 37 79
18 17 100
20 3 49
20 25 90
20 32 94
21 18 55
21 37 89
22 3 25
23 9 21
23 24 63
23 32 67
24 5 24
