20 16
17 8
20 14
8 16
5 6
17 5
13 9
11 4
8 3
13 1
2 8
12 18
5 8
1 15
10 13
8 16
9 18
17 31 64 55 62 33 64 58 21 80 66 57 37 44 21 27 53 58 37 34
31
37 69 29 77 70 30 63 89 45 73 29 30 82 43 73 85 38 30 72 67 47 78 27 49 53 73 94 82 42 72 78
39
1 5 71
1 9 21
1 18 80
1 23 78
2 22 71
3 24 95
3 30 58
4 1 23
4 2 89
4 7 30
4 9 66
4 27 56
5 4 35
6 1 72
6 21 31
7 8 52
7 13 52
8 16 81
8 22 37
8 23 30
9 2 83
9 5 91
9 10 30
9 20 40
10 3 64
10 21 61
11 17 40
12 22 43
13 1 50
13 7 27
14 12 25
14 26 91
15 20 28
16 3 41
16 27 66
17 2 48
19 1 53
20 9 63
20 22 46