28 10
12 10
11 1
19 21
23 18
17 22
8 23
13 28
2 13
8 26
7 11
44 32 32 66 63 54 43 20 12 38 26 76 73 11 26 39 25 71 49 46 47 40 19 49 51 47 39 49   
45
29 27 54 28 72 78 36 89 86 70 25 45 84 27 43 41 82 30 46 78 47 48 45 61 67 66 86 55 49 64 91 83 34 32 91 83 31 52 30 45 35 39 46 55 63
27
1 27 50
2 34 27
4 24 61
5 37 88
5 42 20
6 32 42
7 9 35
7 25 31
10 11 32
10 33 28
11 4 56
12 28 93
12 39 79
15 10 67
15 38 95
15 39 91
17 15 100
17 31 99
20 26 76
20 37 91
20 43 52
21 34 61
21 35 61
22 31 68
26 4 54
28 2 21
28 14 68