47
2 71 113
6 96 185
7 84 136
8 94 86
9 72 32
10 6 189
12 32 125
14 109 109
18 66 120
21 37 138
28 108 166
40 97 87
42 9 82
44 72 62
47 15 156
50 112 109
52 87 89
59 73 162
61 8 37
69 93 195
70 116 184
75 94 102
85 22 135
86 106 180
91 50 121
93 118 2536
101 47 185
102 21 155
103 5 113
105 57 28
106 76 93
113 64 69
118 93 273
121 36 53
124 51 102
128 34 31
129 23 112
132 86 88
135 79 89
145 13 81
149 14 40
152 1 99
156 7 65
159 35 187
160 12 53
167 50 191
169 99 130
Total tasks completed: 47
Total completion time: 2583
Total cost: 2812
Time elapsed: 0.00 seconds
