56
4 88 45
15 153 115
18 52 192
19 172 55
20 203 62
25 70 27
30 54 200
31 160 200
32 40 194
35 22 152
38 194 33
45 99 123
47 52 234
48 184 136
49 212 250
57 189 192
59 85 122
60 146 196
63 150 181
67 149 105
68 33 164
69 50 149
70 187 187
76 105 84
79 111 137
80 120 42
86 123 95
93 161 142
94 167 115
101 180 95
103 64 199
108 217 190
111 46 196
116 224 87
123 178 75
129 2 49
131 106 190
132 102 33
133 119 136
134 174 110
136 61 138
137 4 183
138 190 149
140 101 34
146 159 175
148 106 213
151 115 95
162 165 114
178 139 107
179 222 35
183 84 88
185 204 186
186 214 119
188 122 185
189 120 72
191 193 140
Total tasks completed: 56
Total completion time: 311
Total cost: 3577
Time elapsed: 0.00 seconds
