500 230
83 26
183 281
290 476
146 91
486 271
6 297
220 299
120 55
176 351
161 206
409 183
464 83
53 458
307 376
400 80
34 247
425 131
45 435
76 293
20 223
305 228
381 473
60 396
320 237
371 332
227 71
458 385
380 412
364 390
308 138
314 239
76 161
25 47
454 153
42 445
338 440
130 318
351 2
10 108
479 56
460 190
21 12
1 324
139 223
430 123
37 238
298 384
365 462
379 423
158 483
281 242
141 287
124 245
282 91
451 193
256 90
61 55
32 264
175 123
15 204
403 237
479 39
270 287
175 445
236 366
374 22
215 200
117 243
380 251
405 200
116 275
214 416
462 40
474 298
108 199
51 498
60 458
151 283
357 451
465 485
495 477
394 401
29 473
463 191
248 491
252 217
406 364
263 314
83 428
42 489
42 20
8 193
497 465
114 287
140 277
117 84
172 183
328 186
369 383
311 1
140 355
42 201
210 82
295 216
332 457
176 472
316 411
318 397
421 59
195 406
449 82
377 319
38 342
226 9
41 405
82 11
280 441
154 265
442 467
314 113
58 265
249 143
499 163
163 332
405 318
172 145
96 157
91 478
226 231
449 44
336 205
449 429
122 167
154 93
451 4
426 85
346 195
26 134
189 359
82 87
145 416
224 384
381 215
418 253
189 65
102 66
249 253
411 482
183 429
193 468
117 477
278 185
229 343
14 389
449 218
460 15
365 130
51 186
320 205
183 126
322 491
313 412
162 236
185 247
174 264
264 452
264 78
34 377
176 408
445 446
247 274
29 462
48 337
235 448
16 29
85 73
20 467
360 98
275 75
14 68
169 411
291 124
29 260
109 386
286 280
82 401
41 265
393 295
17 256
419 92
331 265
129 131
236 169
124 269
293 86
22 42
496 347
228 187
387 258
184 400
317 493
452 325
268 141
346 428
436 379
125 449
79 378
151 83
199 193
118 111
492 376
268 418
66 336
56 185
15 139
144 373
189 291
280 199
481 240
68 89
352 153
311 10
342 424
320 411
224 110
464 352
484 468
342 129
199 233
454 265
78 12 37 63 21 65 69 40 53 94 73 81 61 83 85 90 65 62 36 91 84 49 24 58 34 65 31 24 25 48 80 45 20 96 64 61 58 27 97 40 17 33 65 60 28 74 13 97 58 45 98 32 54 44 52 66 46 19 79 73 43 26 76 11 36 14 24 12 26 87 63 29 12 80 36 52 19 32 93 22 17 30 62 33 41 28 82 28 29 59 69 32 94 87 76 88 74 94 19 17 87 83 32 56 75 16 53 65 39 56 11 65 16 87 79 19 84 41 58 85 96 80 40 47 30 10 90 74 23 72 48 61 57 93 85 33 58 71 94 74 49 33 55 43 28 63 26 84 38 66 50 16 60 77 46 63 52 56 32 14 14 96 83 26 61 69 37 29 78 28 38 77 99 96 64 88 77 21 73 43 63 49 58 79 62 15 39 17 78 81 67 97 45 13 28 91 11 72 89 79 58 19 24 100 84 59 75 70 17 18 80 91 71 65 28 70 57 62 71 100 22 68 42 85 69 47 31 33 59 56 11 21 76 55 57 33 14 54 21 38 72 17 59 66 75 87 53 52 94 27 53 67 54 68 27 86 18 18 72 46 80 17 10 78 86 72 95 91 51 78 24 63 33 43 86 53 33 42 73 12 36 55 64 88 94 59 53 13 84 100 91 20 99 20 13 97 49 61 61 75 49 56 36 83 73 28 61 16 66 70 47 74 53 27 19 25 84 71 39 34 92 35 41 37 51 40 53 16 91 52 72 49 41 66 62 11 38 44 17 98 12 19 61 64 83 24 31 42 79 65 49 45 23 19 81 26 74 72 77 28 57 54 58 64 89 19 96 48 75 23 96 41 16 57 12 69 36 44 56 14 19 79 96 26 85 92 93 93 86 89 41 50 11 20 15 48 27 70 86 81 38 20 54 85 10 28 39 89 58 11 76 77 14 45 90 54 61 91 58 69 48 12 95 53 22 12 83 60 93 66 40 78 78 97 61 39 28 72 81 86 53 100 89 45 25 82 61 57 88 76 24 69 19 84 13 99 82 48 69 59 29 40 75 25 86 11 32 98 59 39 72 47 83 26 70 39 81 19 45 61 93 61 58 17 21 15 42 64 49 60 40 99 69 28 90 55 36 78 82 35
400
63 37 171 40 63 127 173 97 33 43 34 153 32 106 102 125 163 196 147 138 88 119 131 47 186 168 170 147 100 103 73 185 35 146 162 193 101 171 194 31 29 187 112 147 65 81 187 96 64 177 61 195 107 151 134 171 29 171 98 122 61 38 70 30 73 29 83 55 179 54 122 156 140 155 200 76 30 121 89 29 134 140 173 98 134 189 66 104 156 95 115 198 95 68 46 135 31 172 57 52 82 110 140 189 75 67 119 191 118 92 158 27 162 134 76 118 130 84 171 112 92 183 149 154 189 178 95 39 67 52 133 142 120 126 115 103 126 152 193 178 105 67 33 156 114 71 138 143 158 28 144 196 112 82 176 106 86 36 82 102 159 44 68 68 139 197 169 96 68 65 58 31 79 93 182 64 189 33 26 164 153 194 193 82 129 121 168 119 113 199 28 56 111 123 87 78 88 54 184 138 191 151 48 148 61 150 99 193 196 167 144 31 44 155 95 115 130 164 58 196 160 86 34 170 152 63 50 150 61 26 187 69 72 198 29 65 46 51 64 157 62 192 153 64 81 168 138 141 49 82 145 153 48 66 41 164 67 90 194 182 48 193 97 41 76 119 175 111 67 159 103 198 197 131 86 162 63 168 36 61 65 69 195 156 103 102 107 31 199 45 114 110 92 149 152 175 32 46 77 76 165 49 142 155 83 169 100 161 43 84 200 42 168 157 37 200 96 64 29 69 113 51 190 85 113 116 172 156 125 47 178 178 184 55 117 171 76 67 30 154 108 75 141 151 55 180 130 119 88 111 110 62 162 169 77 89 118 140 175 133 87 73 78 64 173 34 168 39 28 61 29 37 42 150 70 164 89 101 137 136 110 51 196 188 188 49 125 149 136 171 121 116 94 123 28 165 25 177 85 113
309
1 364 56
2 170 24
3 24 92
4 391 90
5 63 98
5 298 76
5 358 62
5 367 38
6 373 20
8 381 33
9 104 47
9 321 37
10 25 38
13 293 85
14 89 63
28 133 93
30 144 23
30 206 60
31 248 27
31 286 49
32 74 70
35 220 26
35 314 23
37 250 38
37 325 91
40 181 38
43 43 88
43 256 51
44 135 28
46 223 84
47 309 83
48 175 54
49 364 30
50 300 66
53 116 20
54 311 78
56 98 57
56 170 94
56 195 93
57 41 80
58 11 39
59 215 98
61 128 43
61 335 100
64 228 73
65 376 87
70 330 79
72 345 58
73 351 24
75 65 70
75 237 55
78 109 21
80 6 64
81 100 94
87 351 86
90 216 84
93 31 97
95 123 23
98 237 94
99 331 75
100 60 51
100 163 49
104 237 45
104 376 28
109 318 51
117 380 51
119 365 78
120 174 62
121 211 45
123 256 52
125 23 78
126 170 52
128 125 70
128 312 63
134 146 51
136 146 75
136 186 38
137 62 78
138 91 51
138 147 29
141 37 78
143 49 90
143 248 24
144 370 52
145 107 37
145 152 24
145 366 96
148 213 67
148 364 24
149 1 29
149 292 66
153 101 92
154 200 76
157 225 80
158 11 36
158 53 60
158 377 100
160 32 45
160 158 72
161 231 34
163 60 59
163 64 95
163 81 40
163 144 88
164 215 43
166 205 69
178 177 20
179 369 32
181 182 23
181 242 46
182 164 54
184 358 47
187 347 46
189 303 31
192 118 33
193 239 49
196 71 73
197 33 74
198 22 31
198 298 65
202 254 23
206 197 25
207 157 77
209 348 66
210 46 78
210 235 69
212 60 39
213 279 65
214 309 93
216 261 63
221 101 82
222 105 92
223 244 65
224 55 65
225 39 59
227 255 27
232 252 52
236 60 79
236 246 36
238 38 94
238 190 33
240 289 27
243 258 95
244 277 39
244 374 47
245 60 89
247 135 23
247 138 64
247 336 79
252 212 53
253 315 24
254 387 74
258 237 80
260 249 92
262 15 42
262 139 51
262 170 47
262 176 71
263 266 20
264 182 74
265 259 98
270 376 64
272 259 61
273 123 77
274 95 77
274 250 99
278 296 37
278 302 76
282 248 78
283 230 71
285 311 97
286 314 22
287 165 77
292 38 43
293 301 52
293 373 44
294 116 69
294 377 49
296 253 77
298 68 69
298 185 32
299 17 42
299 237 85
301 223 88
304 298 87
306 70 32
306 113 32
306 147 23
306 302 51
312 145 69
313 146 84
318 364 42
319 323 83
320 326 23
329 65 37
330 13 97
332 63 57
332 393 27
333 324 56
333 345 26
334 46 52
336 305 54
338 10 75
338 318 78
342 119 70
342 160 47
344 61 22
344 244 67
346 169 79
347 63 77
348 47 45
349 241 39
350 171 52
352 99 85
353 15 23
356 82 73
356 342 80
359 195 45
359 252 74
360 21 77
361 173 33
362 16 88
366 50 21
367 279 40
368 256 31
370 391 75
371 3 54
377 54 98
377 119 42
378 232 31
379 274 90
379 292 68
382 289 57
382 360 47
384 149 88
385 249 29
385 358 58
386 252 39
388 247 81
390 130 30
390 181 62
390 238 26
391 4 36
393 117 47
393 121 76
393 355 20
395 88 78
396 289 29
397 326 30
398 273 44
401 384 90
407 224 97
412 296 86
413 199 31
414 396 76
416 105 60
416 176 73
416 300 87
418 78 99
420 56 41
420 162 74
421 355 23
422 37 58
422 96 96
422 111 59
423 72 99
423 176 82
429 199 81
431 147 36
431 329 46
432 276 54
435 264 21
436 189 59
439 91 23
439 369 26
441 65 93
442 158 72
442 372 90
445 394 90
446 138 66
447 238 76
448 385 86
450 205 27
451 124 81
451 325 26
452 342 34
454 143 23
456 343 77
460 88 97
460 93 31
460 287 78
462 8 69
467 221 85
468 102 39
468 286 43
471 246 22
473 384 58
476 76 61
476 118 79
481 225 80
482 202 55
482 306 61
484 10 61
486 110 56
487 43 33
487 383 85
493 311 58
497 56 54
498 113 32