800 247
715 389
26 179
190 146
584 392
402 755
630 259
261 322
419 279
504 696
356 450
634 436
165 608
218 359
266 371
337 556
616 56
176 633
422 355
350 261
268 668
791 664
580 11
148 792
608 398
360 43
392 406
582 721
291 22
72 473
482 144
555 288
180 124
466 569
528 653
399 109
534 562
553 599
681 307
645 186
340 303
454 310
499 596
252 51
35 689
193 535
186 689
593 467
323 127
789 171
430 166
348 582
634 411
766 322
679 448
473 701
563 692
378 441
171 441
771 4
557 431
526 570
796 367
349 126
74 300
399 132
747 352
725 500
181 292
352 526
679 44
760 491
521 657
720 703
538 270
289 392
317 649
191 204
75 748
12 38
182 454
774 534
43 789
797 342
60 12
380 551
780 588
177 65
529 751
11 42
502 379
654 52
405 237
677 18
633 6
513 350
713 469
440 97
548 317
121 552
769 585
420 146
326 379
630 601
522 103
524 40
570 575
379 334
672 797
269 691
637 724
115 259
137 257
645 411
522 428
48 768
527 79
189 212
423 530
464 689
311 618
249 574
693 511
236 691
292 254
251 737
778 130
242 344
293 426
629 588
439 318
796 474
323 552
246 11
86 555
481 474
353 363
750 781
483 57
119 707
699 211
398 44
595 287
508 775
598 15
292 16
120 503
27 352
336 611
680 463
263 705
741 546
777 288
581 328
389 272
468 395
106 730
743 293
327 673
793 565
629 662
173 438
477 276
103 200
332 228
9 531
433 76
456 270
643 702
341 194
446 513
69 625
354 764
741 1
483 285
536 118
619 425
331 349
610 47
347 334
116 418
35 242
27 714
278 259
742 400
587 787
656 178
473 762
749 537
151 628
317 286
405 226
612 458
431 140
761 360
115 23
771 587
22 33
426 382
55 273
176 462
716 208
354 90
69 411
109 360
733 202
687 39
257 202
451 233
721 670
29 4
43 617
72 800
620 258
274 786
26 116
58 340
27 16
495 132
280 508
181 241
640 694
678 379
744 76
655 670
767 328
617 459
644 118
504 558
453 594
261 450
626 211
43 782
373 328
350 660
419 741
398 348
517 766
611 94
46 656
607 358
623 59
85 643
389 177
404 196
505 149
188 770
677 100
72 77 95 70 59 89 16 74 50 71 18 42 53 78 43 98 21 44 50 96 74 74 97 59 60 28 28 53 22 76 64 82 15 82 82 55 41 32 40 54 89 65 54 37 82 44 44 10 31 55 54 38 69 25 68 24 66 76 84 85 48 65 13 59 58 95 39 55 65 34 63 86 48 88 22 51 86 76 75 88 99 92 77 61 25 92 45 86 68 64 86 72 38 15 51 65 58 94 98 75 11 43 79 75 24 77 60 87 28 97 30 20 90 13 57 83 20 87 14 31 55 77 54 94 15 29 55 19 14 70 80 20 74 74 62 29 40 38 71 96 59 96 84 23 72 91 46 51 64 85 66 30 88 77 70 77 55 56 69 70 21 39 12 59 17 87 30 93 65 15 71 88 93 80 22 80 14 35 50 87 84 90 87 18 56 36 43 48 84 91 20 69 46 37 75 53 38 55 29 50 97 98 51 63 17 52 60 81 89 44 73 53 30 48 11 81 68 74 29 54 91 96 32 80 28 62 40 17 32 57 14 48 55 20 41 37 80 35 76 69 34 40 47 39 55 81 30 14 26 33 95 35 94 45 18 61 72 41 39 65 69 80 38 74 18 79 40 37 34 50 71 42 48 63 22 52 64 71 29 18 16 48 55 41 87 68 58 15 68 14 60 20 28 50 68 53 74 85 86 33 70 40 78 62 70 73 71 89 84 55 63 30 60 82 98 87 55 26 100 26 83 22 70 99 13 72 96 23 100 38 96 63 25 63 88 16 49 35 23 38 17 76 77 49 65 85 52 99 10 82 67 10 47 61 93 53 61 75 66 62 77 45 36 38 90 78 94 95 70 36 22 87 78 28 67 14 63 39 27 55 38 29 18 40 45 12 81 29 38 98 28 62 19 57 50 71 29 97 11 17 13 65 49 34 96 46 28 81 87 87 14 33 10 10 86 93 49 96 83 36 15 92 85 65 82 25 77 37 49 27 69 35 49 77 12 11 100 61 58 89 61 17 20 23 11 33 84 62 73 31 19 35 55 51 93 75 82 62 77 25 100 65 51 99 73 84 19 14 95 64 42 99 29 47 13 77 55 36 67 36 70 53 64 99 68 79 22 43 17 58 85 68 35 14 72 98 42 95 86 59 61 55 61 17 69 59 90 13 83 73 75 45 92 39 58 21 63 82 24 84 90 54 44 35 83 10 47 94 48 63 10 75 42 35 71 83 36 78 68 54 27 36 49 52 89 25 66 55 77 31 47 67 32 82 88 18 85 53 55 23 99 24 53 66 74 29 85 83 14 24 29 96 73 72 62 53 14 94 17 66 53 60 88 88 26 27 95 85 93 69 100 46 80 11 32 82 84 37 19 82 23 75 48 74 60 14 78 49 71 33 27 98 37 75 26 30 29 17 82 41 58 39 79 53 28 82 12 20 40 45 82 10 72 82 75 29 93 81 87 39 51 46 59 54 81 11 52 14 52 47 19 74 71 24 98 94 51 98 63 12 93 29 18 44 11 16 24 74 38 56 57 99 71 14 92 47 30 16 76 51 33 19 55 67 99 97 10 39 70 87 26 33 50 100 45 37 18 98 74 46 79 31 18 51 84 81 10 16 81 12 17 95 76 46 84 33 98 70 66 32 70 58 74 40 32 33 100 65 74 40 95 85 94 65 16 74 85 42 25 53 21 15 47 62 72 30 43 91 13 56 70 34 89 65 53 47 88 10 37 25 81 78 77 47 30 75 42 66 37 64 19 71 30 10 77 98 20 86 73 67 23 30 21 25 53 53 44 83 53 36 26 85 67 61 80 100 66 17 78 77 
400
107 188 167 169 60 126 161 104 44 151 98 27 197 169 92 195 69 121 192 100 40 66 196 61 43 81 115 66 29 39 132 51 161 188 197 189 104 120 107 172 178 120 25 118 46 86 183 59 128 154 32 61 101 188 52 150 193 79 136 52 64 163 177 149 75 63 45 191 185 172 134 28 122 158 104 95 91 129 124 60 56 110 32 101 107 134 199 199 81 149 78 64 167 190 156 150 28 76 93 73 68 178 85 177 95 105 195 25 56 99 122 66 42 36 79 28 64 26 148 185 181 147 115 125 92 43 123 95 43 55 99 145 134 56 115 154 112 111 179 164 90 189 154 140 168 27 186 167 57 176 93 84 149 105 39 60 181 47 143 95 96 135 131 53 179 128 174 120 65 195 36 90 124 172 61 140 107 123 183 67 40 58 107 28 73 42 119 170 160 152 130 191 162 109 94 175 175 134 83 91 133 54 39 191 88 58 174 116 154 168 103 48 147 149 40 166 100 53 79 178 37 70 32 103 70 125 170 173 80 141 140 103 58 25 147 177 130 47 157 133 80 196 80 130 70 187 138 188 159 192 122 36 33 53 178 100 146 154 166 87 137 167 116 154 110 67 167 80 111 37 197 152 105 114 167 180 131 140 154 91 162 36 172 56 129 47 96 200 126 125 174 59 99 197 110 151 190 121 152 189 190 93 97 58 139 193 30 197 155 123 46 96 34 95 70 99 127 70 128 179 197 94 77 189 106 81 110 199 116 57 97 104 131 153 68 119 92 96 33 172 96 57 162 187 75 130 107 173 41 128 129 66 42 52 137 184 98 197 173 42 26 53 88 113 104 83 59 88 177 35 59 108 68 154 195 120 130 136 103 153 130 49 74 168 121 66 100 185 157 123 129 133 91 43 171 91 82 164 53 40
338
4 121 65
11 176 85
19 353 97
22 276 20
23 219 26
25 317 69
26 19 28
37 118 32
43 308 36
43 380 56
49 278 33
52 212 59
54 337 89
56 332 42
58 243 37
65 86 89
66 397 54
67 158 99
69 97 76
70 223 84
70 231 88
71 149 23
72 256 73
77 242 61
80 297 79
83 134 29
84 329 51
88 240 57
89 47 63
91 11 67
92 289 55
94 96 68
94 112 57
96 136 37
105 2 40
109 218 79
110 306 76
111 146 76
111 362 47
112 15 96
115 94 66
115 257 46
116 317 74
118 142 91
119 363 78
120 288 37
121 226 68
126 32 21
130 321 27
131 150 29
133 304 75
136 6 29
140 139 87
142 82 46
143 266 71
144 290 85
147 123 84
149 126 34
149 151 29
151 112 92
156 279 41
156 303 48
158 173 75
161 331 76
162 132 29
163 148 72
164 5 88
164 53 75
166 244 47
166 274 67
172 55 73
173 309 75
174 173 21
174 365 29
177 91 68
179 382 49
181 68 28
184 168 54
184 320 49
187 9 61
190 137 25
193 110 36
195 137 85
198 268 66
200 57 86
203 259 28
204 318 72
205 10 22
207 163 29
209 270 32
209 340 82
210 93 90
212 234 44
213 104 85
213 361 87
215 20 33
216 126 45
217 45 74
218 282 92
223 110 87
223 195 60
231 338 31
238 325 35
240 122 22
240 306 42
240 387 24
242 90 44
243 85 97
243 338 77
245 112 86
245 357 83
252 270 54
255 299 68
257 42 100
261 204 75
263 42 78
263 119 36
264 5 37
265 374 32
266 316 71
268 2 24
275 397 71
279 170 66
281 367 74
283 21 80
283 135 100
283 141 44
289 139 98
290 219 21
290 251 20
291 193 87
294 24 74
295 245 45
301 312 24
303 123 68
305 173 65
307 52 82
311 255 27
313 44 39
319 174 62
320 279 60
322 375 77
324 89 45
331 242 42
332 28 65
332 259 81
332 287 84
335 330 65
336 248 76
341 37 69
349 69 20
353 353 48
354 139 28
355 190 45
355 218 86
358 243 83
358 296 83
359 184 76
359 282 20
361 216 67
361 359 57
363 40 45
376 257 63
384 252 26
389 256 52
390 376 20
391 169 30
394 262 56
396 202 84
397 138 76
397 249 31
402 21 77
404 66 34
406 126 93
406 353 26
409 339 100
413 194 64
414 41 82
417 9 59
423 208 53
424 124 98
426 349 70
427 138 97
427 144 86
431 341 43
434 224 42
435 29 23
439 182 82
442 173 82
443 56 96
443 355 97
444 380 73
448 122 75
450 117 67
454 164 63
454 273 47
459 156 95
460 392 77
465 270 33
466 364 96
472 142 61
477 134 70
479 290 79
482 345 36
483 111 39
484 208 90
484 343 25
486 49 64
489 234 45
490 155 21
490 381 73
492 326 57
492 336 25
494 1 23
496 206 46
497 119 82
499 271 76
507 122 38
509 61 57
510 326 84
512 205 100
517 91 26
524 309 63
525 248 80
526 246 96
530 11 76
531 58 67
531 346 69
533 207 41
535 335 43
536 340 93
541 252 66
543 289 95
545 206 70
549 115 100
553 280 49
555 101 68
557 243 81
558 395 44
562 391 75
563 286 76
564 339 54
567 27 91
569 30 41
570 255 39
574 360 79
580 270 56
581 141 86
581 200 96
581 252 81
582 352 82
585 69 95
585 160 54
589 111 46
592 241 25
595 202 22
595 330 80
597 162 68
598 326 69
600 288 93
605 231 68
608 215 27
611 78 67
613 213 88
614 240 85
621 243 30
626 43 40
627 77 31
629 363 65
635 184 30
636 276 20
639 315 50
641 65 68
644 225 59
644 283 99
646 91 45
649 208 56
652 116 54
655 245 23
658 11 40
659 172 41
662 166 70
665 357 91
668 321 53
669 18 80
669 309 25
671 8 84
675 306 55
675 315 50
675 327 23
677 153 58
677 319 75
679 234 91
684 18 97
685 76 34
687 352 25
687 354 33
696 351 57
697 3 38
702 25 52
703 199 81
704 159 54
704 329 68
707 74 65
707 218 67
707 374 39
708 52 40
712 54 65
712 290 94
715 194 65
718 215 75
720 346 28
734 102 39
734 259 33
737 251 36
738 275 33
746 376 44
753 187 80
754 225 53
756 70 72
763 286 88
764 176 72
765 377 50
768 163 85
769 39 65
771 21 21
775 102 58
777 116 64
781 132 55
781 383 68
785 392 99
790 1 53
791 352 57
792 90 99
792 93 35
794 209 30
797 356 31
799 170 33