600 231
107 514
262 209
354 193
467 551
89 451
509 341
114 556
515 95
459 248
478 349
539 161
433 501
87 157
59 139
1 451
514 442
594 290
34 114
120 281
197 510
316 551
151 412
430 369
398 271
409 289
359 440
87 573
575 25
102 249
329 197
162 39
482 129
582 11
49 427
520 290
363 193
390 532
220 505
217 1
207 145
51 366
203 69
161 243
212 290
120 173
567 259
579 68
544 376
65 462
367 338
516 377
542 288
424 391
173 248
392 483
460 448
65 426
175 383
190 102
447 180
48 443
432 515
120 122
170 495
325 101
48 574
405 272
153 374
28 586
68 270
406 68
309 146
98 272
144 19
212 510
132 517
410 89
145 320
42 492
249 330
6 134
2 430
139 454
59 32
203 375
21 304
51 130
509 362
460 313
122 396
84 449
423 45
494 102
234 24
107 405
577 448
51 85
457 351
591 129
211 241
322 259
411 320
169 349
520 477
378 312
128 44
24 297
314 223
491 72
76 277
276 43
114 148
16 229
107 121
311 172
26 70
249 29
451 584
50 266
116 168
275 13
187 571
108 454
598 524
46 168
88 409
61 450
177 526
495 153
336 57
451 79
272 553
508 575
475 320
496 531
172 132
422 158
419 146
454 86
589 201
46 406
569 197
123 378
80 36
93 372
18 491
538 598
11 395
356 32
82 428
81 235
382 132
6 519
559 231
409 20
259 488
286 80
81 447
442 147
93 431
456 76
154 537
512 91
301 189
194 470
226 17
113 220
293 186
469 370
115 562
346 577
175 378
104 348
595 167
295 340
368 218
10 597
114 436
469 185
114 580
424 157
298 59
106 304
208 539
488 193
343 234
452 373
531 297
395 352
309 415
443 569
149 49
526 218
437 576
456 538
485 319
310 33
225 128
524 396
205 236
219 121
7 280
123 426
163 464
456 185
394 294
448 119
330 79
448 347
577 359
165 96
28 551
211 193
273 392
518 332
38 385
223 492
243 124
237 592
158 246
590 461
29 213
72 506
339 33
93 54
90 574
283 391
336 447
538 162
443 231
157 409
35 24 11 36 22 86 43 57 52 41 64 66 87 94 95 34 43 99 79 32 17 36 36 29 95 27 18 83 13 59 67 92 21 44 49 53 68 93 92 49 37 63 77 95 20 48 39 31 40 48 99 92 59 69 10 48 71 70 16 90 56 98 65 87 41 45 84 85 88 64 56 55 82 82 63 67 18 88 40 36 97 61 37 78 77 86 54 16 21 69 91 29 62 80 65 49 23 74 17 27 87 59 20 20 19 86 20 58 95 70 16 37 58 42 83 54 97 42 79 71 78 55 31 20 33 50 24 46 68 13 69 63 57 42 57 53 30 56 63 94 64 21 96 52 100 91 95 42 98 63 73 98 39 75 60 65 32 14 10 82 86 80 34 93 98 48 75 21 50 57 42 74 53 24 96 75 34 92 21 20 81 63 82 72 91 15 43 48 55 74 63 67 69 95 34 68 95 29 20 92 65 69 19 82 55 78 73 27 46 28 81 25 20 43 40 58 33 99 53 71 77 28 52 34 33 44 82 67 35 58 58 78 92 34 91 58 97 38 15 62 37 68 92 61 37 57 85 29 62 86 54 29 92 48 97 35 78 100 86 31 18 92 22 53 68 41 23 56 96 69 92 34 58 16 29 57 20 88 15 51 51 83 87 47 20 99 53 73 85 96 38 68 13 50 79 20 97 48 15 39 34 28 14 89 70 25 29 78 93 66 81 71 44 43 67 26 65 95 21 42 32 29 15 41 16 85 31 81 89 85 62 59 86 15 12 72 43 13 15 90 86 27 39 15 96 72 40 78 16 27 91 24 77 31 36 94 44 21 42 93 53 99 76 86 94 91 13 80 60 39 84 35 33 11 52 53 28 60 68 98 36 43 52 56 13 34 47 21 73 72 100 49 88 24 98 18 46 69 10 23 84 54 70 64 63 14 26 58 26 77 68 64 63 47 40 76 77 97 38 96 10 34 64 15 83 85 85 50 70 52 27 35 78 13 32 86 42 11 93 61 63 87 62 71 50 97 89 33 40 75 58 15 85 77 81 15 47 49 31 40 26 62 14 49 43 68 53 50 24 42 70 80 94 44 94 63 41 85 22 10 74 31 16 81 26 36 99 90 71 21 50 69 84 20 77 32 33 47 51 50 43 86 59 67 97 70 54 60 46 56 38 85 30 63 45 70 70 75 43 38 43 88 49 33 39 55 55 96 65 41 67 61 82 18 82 70 75 69 71 95 21 25 16 96 70 33 38 94 75 46 45 67 20 40 22 56 92 50 71 48 50 56 27 27 25 16 62 70 10 38 28 80 94 90 66 20 80 65 41 35 78 87 24 94 47 35 90 46 71 81 65 81 17 21 66 41 51 46 70 33    
400
69 139 35 165 38 85 91 186 92 183 157 118 184 69 38 77 196 100 71 178 92 37 94 111 93 44 81 179 105 123 104 74 141 74 195 195 167 173 183 117 119 180 191 126 51 170 141 99 168 135 59 174 118 97 86 28 157 90 34 72 152 41 76 132 161 103 58 83 118 111 111 25 133 189 160 27 67 180 164 125 69 189 178 149 177 156 147 40 183 199 53 29 74 165 127 69 128 183 35 154 75 67 106 179 67 146 76 57 185 165 76 117 191 40 157 149 138 173 97 88 52 198 172 131 84 138 192 172 138 58 168 49 194 28 132 25 156 95 180 133 51 171 118 200 54 69 127 151 123 99 71 57 158 188 59 174 35 153 27 136 37 41 124 156 38 87 102 186 132 144 183 33 111 102 86 195 57 189 163 48 195 115 127 167 95 64 88 86 31 81 129 75 181 173 145 200 174 79 168 155 146 157 45 83 130 168 158 189 30 76 157 61 178 103 165 161 189 145 123 44 86 194 174 152 64 30 104 110 36 161 114 199 200 184 27 71 49 55 32 184 26 124 59 87 158 169 159 32 76 188 82 180 99 197 162 191 164 61 42 66 95 54 119 49 93 66 111 135 168 33 108 29 93 160 196 42 84 173 49 151 162 173 62 37 44 154 149 188 35 108 103 130 55 65 76 151 43 93 101 141 132 89 115 152 184 62 150 61 170 156 183 113 70 94 191 111 86 29 94 97 154 200 79 168 108 39 113 33 55 172 112 74 69 71 53 153 179 185 53 80 179 186 93 59 138 82 128 193 179 96 200 145 136 119 37 156 122 136 94 166 50 89 44 132 142 105 200 197 173 119 32 69 41 138 28 199 154 185 62 112 169 179 155 119 141 28 66 161 104 44 70 29 199 180 48 156 168 176 169 126
351
1 147 44
4 237 80
6 334 49
8 59 95
9 10 30
11 332 53
13 22 50
15 93 65
17 400 21
18 110 26
20 7 24
22 53 74
26 214 87
27 75 48
27 224 46
35 8 66
35 91 22
35 227 36
36 149 57
38 232 60
41 42 41
45 244 72
46 9 60
48 309 88
50 351 40
59 118 32
59 197 26
59 282 39
67 115 84
68 304 67
69 235 89
71 36 25
71 41 86
76 140 82
76 352 36
80 288 38
81 59 79
81 212 64
82 173 46
82 251 68
84 30 84
85 311 25
87 94 60
88 10 65
88 372 38
92 152 45
94 177 74
95 320 70
95 330 69
106 268 77
110 72 100
110 394 22
111 138 73
111 158 42
111 274 22
113 261 43
115 189 58
115 337 25
116 394 44
117 293 24
118 77 60
121 77 86
121 340 49
122 375 28
123 113 21
123 363 41
131 120 93
133 31 97
133 340 30
135 152 80
135 218 63
137 200 60
137 327 71
138 299 22
139 334 64
140 35 50
140 249 60
143 80 52
143 242 23
145 156 37
147 363 26
149 36 33
150 156 51
153 128 57
156 208 99
159 252 78
160 232 29
163 228 61
165 75 81
168 204 26
171 50 57
173 232 20
173 380 98
174 255 40
175 157 33
175 180 57
176 117 61
177 34 34
177 123 26
179 171 90
179 177 87
179 230 84
179 346 79
180 42 73
181 8 91
183 257 82
183 324 89
184 378 35
185 164 25
186 260 81
186 380 57
189 173 74
194 216 50
196 115 55
197 101 34
198 20 31
199 171 80
200 114 66
201 76 25
204 155 57
206 201 27
209 345 99
212 304 93
213 270 44
214 260 43
218 248 50
218 335 21
220 87 62
220 185 97
221 111 59
221 291 23
224 249 74
224 314 38
225 397 62
226 25 23
229 108 22
233 95 81
234 180 35
235 254 39
237 400 91
243 245 48
244 166 59
247 379 24
248 23 93
248 360 25
251 85 36
251 173 21
252 243 71
253 127 29
256 12 36
256 342 78
259 103 46
260 283 86
261 286 60
261 399 61
263 269 81
265 92 64
266 288 53
267 19 37
273 216 25
274 38 29
275 362 22
279 384 78
281 93 61
283 148 21
283 154 23
288 102 29
289 230 91
296 33 28
297 228 47
298 176 95
300 131 22
305 51 65
305 270 70
312 107 22
312 260 94
313 346 75
314 76 85
316 202 24
319 249 64
320 106 46
324 353 76
326 353 45
327 287 45
328 211 57
329 165 72
329 232 95
333 243 38
333 380 96
334 156 95
334 255 56
334 291 43
335 284 60
336 49 21
338 342 41
341 29 76
341 53 46
347 286 97
349 266 23
350 91 88
350 142 55
350 240 84
352 148 38
355 243 23
357 299 96
359 57 23
359 154 85
359 238 51
361 31 29
363 349 75
366 361 64
368 184 36
369 356 52
370 290 32
371 360 57
372 91 91
372 205 21
373 173 81
373 251 99
373 269 100
374 87 59
375 209 28
379 28 100
379 396 38
384 182 59
385 21 79
385 365 42
386 267 62
388 247 87
389 109 68
389 360 29
390 382 32
393 259 71
393 287 98
394 322 86
395 271 80
396 108 75
398 3 23
401 42 46
401 293 43
403 47 85
405 45 77
406 201 78
411 382 94
412 219 87
413 139 88
413 207 52
413 397 92
414 390 34
419 34 48
420 126 96
420 270 20
422 171 47
423 95 56
423 181 83
423 398 73
424 37 76
431 53 30
433 372 69
434 113 78
437 20 90
438 76 69
438 89 48
440 286 91
441 310 29
443 54 30
444 282 29
445 285 82
446 116 42
447 361 87
450 60 88
450 343 20
452 99 77
454 257 83
456 107 76
458 24 78
460 116 55
462 112 41
462 280 46
462 323 77
463 1 65
463 55 39
463 162 55
463 319 95
464 294 83
465 322 72
469 167 72
470 352 42
471 303 31
474 16 60
475 68 86
475 167 38
475 215 73
475 269 30
477 135 98
483 342 96
484 185 81
488 71 58
488 188 53
492 84 77
492 309 63
494 223 83
494 250 21
495 377 69
496 225 22
499 192 81
500 231 24
501 27 48
501 285 32
502 123 70
502 259 35
502 364 46
505 379 90
506 367 31
507 214 87
509 351 20
510 76 94
513 136 55
514 133 36
517 239 91
517 292 58
520 311 91
521 122 53
522 54 94
522 91 24
523 152 26
524 24 76
526 173 85
526 269 89
533 397 23
535 142 87
538 29 51
543 220 37
544 376 69
547 326 34
555 248 82
558 178 66
559 278 55
566 180 75
566 292 31
570 242 96
575 30 35
576 127 58
577 333 76
581 296 40
587 157 70
590 138 84
591 63 56
595 2 78
598 106 85
599 80 65