900 225
438 36
602 230
265 576
261 492
288 669
468 100
822 539
403 571
870 580
134 715
778 289
264 394
688 882
830 852
302 106
870 139
205 288
137 483
809 794
539 252
581 832
459 501
847 720
270 328
100 309
319 477
874 257
197 55
284 369
347 488
296 573
294 369
186 128
812 701
402 620
155 95
58 29
445 765
40 687
110 684
827 544
238 726
516 870
837 671
550 106
483 393
48 863
713 191
487 427
718 71
467 369
498 594
32 864
777 851
96 194
674 608
566 588
164 178
697 801
547 233
1 759
350 116
791 664
88 571
301 258
515 715
194 892
347 315
38 610
517 480
640 202
562 414
898 506
608 666
447 508
191 216
99 468
864 347
559 512
365 249
401 811
521 327
253 241
533 444
309 647
222 279
702 520
110 402
168 803
194 244
221 243
887 286
600 770
144 608
691 883
40 840
488 207
603 202
145 3
678 467
450 79
841 773
636 560
676 289
835 52
634 891
825 372
41 687
254 817
630 827
607 733
327 23
718 256
341 423
444 58
243 587
116 207
412 323
892 502
731 8
89 319
574 65
839 867
188 264
378 785
753 340
639 496
485 738
663 111
785 28
297 812
864 18
175 260
220 886
682 346
125 204
544 500
849 170
848 35
78 551
792 532
491 571
846 59
190 779
508 452
396 99
486 784
738 429
385 458
32 617
172 609
3 782
664 812
319 572
280 138
724 367
391 581
177 611
410 366
609 136
335 118
758 394
565 590
276 54
29 245
361 284
626 49
111 359
72 306
691 95
763 196
787 783
387 242
129 682
686 283
33 24
482 722
501 764
678 806
897 625
248 350
476 264
354 61
70 695
231 67
168 374
634 543
627 342
58 898
683 784
474 515
562 431
513 466
244 295
834 873
191 286
479 407
138 442
481 551
116 185
797 712
552 244
483 23
57 464
602 294
159 253
433 434
625 329
341 71
4 139
285 141
82 355
388 14
467 502
188 37
146 733
880 3
510 771
228 433
107 674
260 420
775 535
139 435
515 53
137 698
29 15 43 26 67 32 19 23 94 58 23 31 98 50 11 52 64 74 14 59 47 29 29 68 66 52 14 19 84 62 59 22 14 98 31 59 69 57 17 32 84 97 94 65 44 98 65 22 43 77 85 64 27 15 18 100 89 90 57 99 84 92 19 36 78 59 33 99 93 31 83 63 22 14 63 22 73 10 60 29 15 70 49 98 62 38 48 77 39 82 39 45 13 46 82 98 63 57 24 13 13 71 13 64 43 81 96 56 38 33 38 56 52 55 36 43 39 36 67 26 33 21 60 67 34 30 28 71 44 35 86 43 44 26 83 96 49 58 71 94 22 85 41 22 37 24 87 87 12 20 68 93 83 64 76 26 15 15 45 99 21 24 29 13 79 57 90 46 47 19 28 92 75 41 53 40 59 30 52 26 29 17 53 30 66 63 94 33 95 64 59 33 95 38 21 11 23 85 87 42 67 24 33 46 86 68 82 22 99 71 30 83 79 96 14 74 81 79 44 43 63 71 50 14 66 50 87 59 68 45 58 46 35 38 46 65 97 87 47 43 48 86 39 27 64 76 70 52 81 34 56 92 86 18 23 26 25 65 78 56 46 69 86 69 30 50 47 30 32 89 59 98 71 62 27 55 13 25 67 48 48 80 36 31 64 37 33 12 38 40 96 88 14 84 97 28 86 48 35 13 74 43 16 81 16 51 89 65 37 31 99 61 70 86 87 55 29 90 87 73 27 87 53 45 36 45 18 22 26 50 61 93 55 26 35 42 41 99 64 50 83 21 17 39 33 56 49 30 91 81 61 52 64 45 79 88 85 62 60 61 72 92 11 57 44 42 54 92 22 61 53 40 54 73 45 15 54 12 85 23 14 48 96 77 50 83 31 92 22 70 48 73 72 81 56 60 73 29 76 10 16 94 94 59 48 88 13 90 81 61 57 82 28 37 58 26 73 67 36 44 10 95 39 22 33 54 14 99 48 10 59 49 96 99 22 22 99 29 44 23 36 15 46 63 29 43 57 68 26 82 65 81 77 98 41 59 52 30 86 26 49 95 33 97 72 31 38 19 96 52 38 71 81 98 35 34 81 47 27 12 12 65 30 57 57 71 88 80 11 68 61 15 32 42 11 67 77 97 63 52 63 63 100 38 94 34 10 15 60 30 99 39 33 21 36 100 73 45 85 17 49 33 78 12 49 67 46 59 27 41 30 70 42 11 22 45 87 19 14 67 95 44 98 57 56 96 99 51 16 42 54 35 89 80 47 62 53 27 55 37 75 77 63 16 96 28 21 100 84 63 16 78 61 76 68 87 16 61 60 60 42 93 23 28 79 29 97 30 78 19 48 83 62 79 40 61 39 80 82 20 49 58 46 55 64 29 55 41 29 13 32 39 21 35 68 50 80 81 62 78 67 73 86 34 43 61 64 93 58 71 71 62 81 86 52 88 39 88 54 14 42 98 80 59 84 73 65 94 15 21 14 73 27 44 24 94 74 31 26 16 84 16 55 90 77 74 39 82 99 57 56 85 42 69 98 95 44 50 86 16 94 88 23 38 58 61 99 46 24 76 96 99 54 20 69 90 93 93 68 76 39 77 58 46 61 99 51 36 35 14 47 35 69 95 89 73 24 67 28 37 89 57 63 46 91 30 53 99 49 52 76 37 69 65 84 17 50 76 66 18 58 20 27 31 24 66 19 11 62 26 80 14 86 79 98 21 46 21 94 96 32 93 52 94 44 80 36 83 65 39 69 94 94 36 35 75 86 39 60 29 70 13 82 84 66 34 40 59 33 93 78 96 22 77 78 89 42 43 51 94 82 23 47 50 41 59 44 22 60 26 37 18 70 24 99 99 76 81 35 34 49 67 31 22 25 96 17 11 87 46 36 25 33 64 48 17 41 67 25 54 41 58 38 40 88 78 95 14 61 70 41 30 90 15 16 37 96 32 23 23 83 40 53 62 89 92 58 14 70 54 85 36 54 70 35 57 58 65 59 31 12 63 41 43 24 16 36 65 70 30 69 23 26 12 59 57 76 12 35 69
400
62 25 120 157 51 199 68 40 43 151 75 26 110 114 64 142 143 197 109 153 59 156 189 141 66 87 163 37 185 137 168 200 163 192 90 78 136 193 168 152 143 171 144 46 60 139 47 161 120 117 130 133 137 150 55 71 66 99 76 135 136 128 81 150 111 98 195 40 83 193 59 93 112 69 60 132 56 111 159 150 193 172 181 84 78 120 149 198 108 93 101 83 80 121 77 91 58 81 180 177 73 143 57 89 66 157 87 98 190 105 105 67 122 108 138 49 190 192 181 105 192 161 107 110 49 153 27 159 128 131 139 160 153 155 192 106 171 89 185 52 184 182 128 86 175 49 186 41 102 97 25 38 153 29 153 165 69 60 53 106 45 129 132 191 48 96 27 87 71 183 107 184 41 39 31 51 39 93 144 144 128 128 163 162 46 184 71 106 53 74 172 104 55 62 110 48 164 26 106 191 168 180 78 97 131 156 53 160 120 45 183 53 41 60 79 181 145 125 44 92 137 104 167 67 70 133 32 194 82 170 157 94 33 179 162 44 162 113 151 119 171 44 76 39 93 117 101 186 40 59 38 127 63 114 65 92 58 77 197 50 106 176 100 57 166 77 140 122 168 123 130 175 130 118 199 167 42 169 175 116 54 157 183 63 38 106 62 37 36 77 61 144 79 145 110 137 199 72 83 56 174 171 159 99 167 84 113 127 27 191 126 90 36 97 192 196 34 69 162 41 188 29 158 141 186 198 118 175 89 59 199 38 25 96 147 56 150 165 110 76 68 169 128 162 78 160 164 196 112 84 130 109 42 132 102 49 154 106 39 52 128 79 132 113 60 78 108 143 149 184 56 116 191 196 79 101 186 49 31 196 188 113 103 189 34 124 58 82 52 99 120 176 193 123 30 191 28 95 177 29
320
1 329 93
3 296 23
8 143 45
8 335 67
10 64 29
12 244 98
13 165 49
16 349 87
17 359 56
20 30 90
22 269 60
25 56 29
27 347 55
28 194 76
28 322 90
30 137 70
34 4 22
35 25 47
44 252 63
45 260 30
46 377 44
48 25 23
53 97 89
54 344 83
56 16 22
58 115 99
59 53 42
68 237 56
70 32 96
72 27 48
72 74 43
73 118 73
73 304 34
74 105 61
88 197 67
93 3 80
96 280 81
105 143 38
107 268 69
108 283 62
109 10 51
110 314 41
113 339 69
117 157 32
123 231 85
123 291 30
123 365 25
125 216 32
126 47 93
127 71 96
129 361 69
130 13 33
130 121 24
130 291 68
130 351 34
143 137 84
144 168 48
146 322 91
148 198 44
156 241 37
157 367 70
160 114 47
162 108 51
162 122 92
169 147 72
170 120 85
173 104 62
179 341 56
182 74 62
184 98 49
184 283 29
186 329 70
189 113 31
193 373 80
201 7 99
205 28 39
205 159 80
208 160 24
210 50 38
214 262 26
217 299 47
220 360 61
221 185 36
221 367 97
224 353 74
225 58 47
225 92 77
227 17 43
227 173 67
232 212 26
232 213 84
234 56 83
234 112 66
240 257 32
245 91 65
248 195 97
249 33 63
251 275 56
254 111 61
256 382 100
257 66 83
262 44 47
262 249 50
266 9 59
268 167 22
273 312 96
274 260 29
274 276 45
274 325 59
276 49 80
276 201 93
282 143 85
284 194 60
287 172 87
289 173 65
292 61 30
300 274 80
301 336 75
304 255 39
307 15 81
312 91 56
312 228 78
315 168 96
315 193 21
325 244 48
325 336 57
328 137 100
330 324 85
331 288 56
333 141 84
338 149 46
339 95 85
339 130 56
343 218 24
345 259 93
346 57 71
348 63 37
350 246 80
353 281 67
353 324 21
355 345 82
362 124 98
367 23 35
371 276 32
376 215 25
384 106 29
391 51 26
394 137 98
398 208 100
400 105 66
400 187 77
403 24 91
410 368 99
413 173 53
416 26 100
418 37 93
420 127 96
424 159 37
425 255 33
430 231 68
443 134 94
448 322 25
449 163 67
454 319 65
462 222 94
462 387 96
463 165 66
465 159 86
466 247 60
467 288 39
469 322 33
473 68 71
476 360 25
480 235 55
482 155 80
482 384 38
485 199 91
488 123 20
489 221 65
489 374 77
491 236 29
491 374 72
494 335 76
502 12 73
503 119 94
503 279 63
509 80 52
510 153 79
511 37 44
512 85 60
521 82 20
522 85 70
530 89 88
532 181 21
533 344 31
537 285 86
539 135 100
539 174 53
549 343 49
551 259 22
555 206 52
559 213 63
560 262 67
564 232 76
564 280 73
566 137 73
570 297 28
573 329 66
574 67 22
579 279 93
581 203 60
584 147 50
584 339 21
585 217 57
586 260 20
588 2 41
590 91 40
591 107 49
592 306 23
604 39 65
608 204 23
609 1 98
609 311 39
610 366 55
618 365 74
620 134 41
625 292 46
633 86 30
635 53 81
642 14 53
644 274 33
648 148 41
651 54 41
653 327 83
661 359 37
662 272 84
669 307 73
670 159 68
671 47 61
671 167 45
672 119 91
673 274 98
677 366 60
678 291 66
680 239 97
683 251 83
683 342 36
685 248 59
686 100 52
688 354 28
691 167 37
692 127 86
694 395 66
697 4 50
699 25 43
699 141 44
700 27 76
701 311 87
702 101 83
706 298 72
708 186 46
710 255 26
710 314 31
714 66 69
718 330 66
719 340 26
721 337 74
727 163 29
731 377 35
733 48 74
746 73 23
747 96 33
752 261 24
754 56 99
754 189 31
754 368 41
755 175 59
755 181 37
761 232 29
774 267 65
777 41 82
780 4 98
780 226 36
783 90 62
785 283 55
790 91 26
795 177 72
796 389 85
799 18 85
803 311 73
803 350 86
804 361 24
813 219 21
818 36 31
819 107 59
820 157 36
821 162 82
822 229 68
832 265 23
832 363 83
833 165 65
835 293 38
836 39 80
845 88 64
847 264 79
854 70 98
862 84 58
865 349 21
867 323 98
872 97 70
872 195 89
877 9 86
879 147 27
879 338 88
882 386 57
884 390 82
886 130 82
887 121 60
891 22 62
895 126 26