500 239
16 151
278 137
168 360
73 300
155 243
37 452
23 188
459 316
450 499
145 7
434 284
100 498
41 477
241 452
387 427
186 479
385 453
33 101
410 213
430 339
204 211
284 271
484 33
407 137
3 147
251 496
226 106
143 300
51 364
366 265
77 453
307 371
222 329
148 218
146 283
298 11
439 318
198 279
129 387
284 11
439 348
104 467
89 354
95 207
434 187
441 102
48 320
469 376
321 364
319 350
412 154
194 197
186 410
180 98
394 72
184 75
5 328
453 316
165 206
404 330
343 371
211 423
217 357
340 122
358 44
265 92
57 487
195 233
18 190
43 15
11 30
454 478
287 282
401 403
117 47
62 7
266 412
84 224
195 485
366 147
418 389
19 132
68 245
31 489
403 177
65 30
45 410
183 179
442 187
188 235
392 99
5 261
471 13
287 49
484 461
447 181
248 195
450 374
220 332
164 343
168 325
219 247
280 103
440 444
467 235
41 118
31 135
345 499
319 247
146 245
500 263
335 329
103 286
60 234
50 225
333 64
445 77
226 439
172 415
162 305
369 111
128 279
290 289
16 59
112 179
223 434
484 363
76 31
320 162
25 191
486 500
448 427
151 218
4 456
121 130
246 40
296 56
216 256
113 108
124 337
137 470
344 163
268 179
196 257
71 246
141 92
442 112
155 315
402 232
65 147
262 111
152 493
107 178
150 78
389 497
313 95
76 468
239 141
267 154
122 198
401 450
15 434
244 256
77 83
235 452
490 268
334 386
302 217
493 315
447 128
66 462
432 366
112 483
326 151
307 32
428 1
138 227
383 135
327 30
471 127
155 88
159 157
231 363
106 199
451 320
475 57
20 5
133 376
414 305
210 167
337 447
206 321
165 303
428 358
352 208
410 460
360 11
409 237
171 422
10 398
314 18
81 223
161 425
374 493
223 306
263 149
91 428
396 204
241 347
93 380
138 455
401 359
326 344
357 226
478 471
313 48
5 132
182 446
377 196
452 347
322 245
161 440
97 319
222 363
229 278
151 237
266 32
456 144
228 85
105 48
129 244
253 36
67 336
440 315
415 397
234 455
63 127
281 395
354 152
42 29 58 70 94 94 24 21 46 22 19 86 34 96 38 35 31 54 49 48 29 36 19 99 39 22 40 36 75 19 61 49 58 33 86 22 82 51 12 43 28 35 33 62 49 74 76 82 36 96 48 56 62 25 72 37 51 44 58 56 88 94 84 38 57 34 28 47 31 91 39 55 99 28 73 13 25 12 10 51 56 70 52 74 82 92 70 31 98 78 83 82 82 88 49 92 15 91 19 94 17 20 87 72 33 23 75 97 29 65 93 80 30 90 11 47 47 78 96 72 86 58 61 15 96 72 54 20 75 92 64 69 48 20 14 98 13 77 20 81 30 57 13 33 29 79 95 23 11 84 63 27 89 48 93 36 17 42 31 45 98 96 21 64 27 42 99 85 90 34 51 52 74 54 73 55 93 82 37 32 24 16 85 80 53 37 74 33 11 77 61 45 15 34 30 39 65 92 75 17 28 66 20 32 96 41 18 90 42 31 96 82 100 74 25 82 37 54 15 18 92 37 83 32 35 85 48 61 89 69 48 37 37 82 23 70 63 82 15 51 66 98 56 99 67 64 46 62 76 20 97 35 73 98 51 72 82 31 12 60 85 80 31 92 98 30 34 75 10 39 88 90 93 93 61 83 93 65 93 62 52 59 36 84 35 64 42 79 44 81 16 26 40 58 78 97 97 33 11 46 66 54 57 28 22 38 75 12 46 98 43 19 86 68 53 85 90 93 22 46 75 69 92 63 96 64 99 78 37 98 19 12 58 29 21 76 17 18 51 39 48 59 55 46 13 52 43 17 14 22 11 14 88 60 78 35 92 86 51 94 93 41 81 97 68 13 38 22 16 71 95 67 98 45 57 95 75 65 33 45 14 28 89 30 55 18 64 20 59 28 87 35 48 77 30 27 24 98 98 60 96 20 98 48 26 85 34 51 25 59 51 71 60 21 72 98 77 81 89 77 87 18 82 99 79 14 86 50 28 17 81 72 12 54 68 36 63 42 45 14 32 33 21 22 55 87 83 41 89 76 65 15 46 49 64 40 49 39 39 70 84 38 45 65 16 22 78 65 28 64 85 56 82 34 79 54 74 41 73 37 16 82 15 67 59 19 49 46 33 49 29 57 86 88 86 24 52 74 58 46
400
91 200 29 100 89 179 167 123 34 55 97 97 37 199 41 149 25 25 62 126 186 77 157 145 140 58 100 143 82 60 122 83 50 61 139 157 52 181 109 197 71 48 39 165 178 63 131 114 34 152 34 172 81 200 26 67 120 88 134 52 68 189 145 87 184 93 168 65 195 165 165 197 144 86 140 184 156 61 32 100 152 110 166 160 47 90 148 74 86 45 157 41 73 198 47 105 198 45 196 148 82 188 25 44 136 85 72 53 41 84 72 31 141 50 114 110 93 143 189 185 69 181 162 75 113 146 129 161 98 112 144 56 43 28 96 137 137 111 42 198 191 78 123 61 69 101 115 139 41 142 64 137 147 147 70 89 107 77 180 81 160 136 193 34 165 145 183 181 176 110 150 98 183 139 40 57 55 171 82 191 44 184 157 63 130 64 100 127 179 110 110 44 87 134 164 46 185 138 141 174 131 149 97 100 158 74 46 98 65 177 36 163 97 118 43 140 66 57 48 71 76 50 40 107 79 43 153 191 85 113 70 200 166 168 95 186 114 74 175 71 68 125 100 167 119 140 109 185 65 120 47 143 156 175 86 194 137 161 35 100 139 93 169 93 56 142 47 91 25 192 196 74 61 34 53 65 77 61 174 177 140 44 128 148 41 119 91 194 69 182 109 116 49 119 145 117 121 40 72 64 97 122 127 38 47 45 40 31 168 126 165 126 195 119 99 43 96 125 51 60 57 175 87 147 33 126 139 102 50 84 109 30 50 191 191 57 118 116 38 189 127 96 112 168 197 114 118 114 169 54 173 48 65 34 175 55 121 187 39 29 152 128 30 25 108 36 65 52 165 179 164 72 161 32 185 82 133 111 118 83 116 150 159 116 154 160 50 92 25 120 42 169 169 100 191 82 89 51 98 166
370
2 394 59
5 249 55
8 172 49
10 62 46
14 298 37
14 319 42
16 101 25
16 105 69
16 205 60
18 132 78
20 79 31
22 46 80
23 19 39
24 144 33
24 212 44
25 297 26
27 9 42
27 15 71
28 227 32
29 45 39
30 25 68
30 186 20
30 344 31
31 288 96
32 161 66
34 23 85
34 260 41
35 288 76
37 269 98
39 164 23
40 4 86
40 283 62
42 128 29
44 156 91
44 213 78
44 214 92
46 44 57
46 267 79
49 378 82
50 104 20
51 61 20
51 86 48
51 286 56
54 22 37
55 17 70
56 287 52
57 376 62
58 297 84
60 361 41
62 359 51
66 261 62
66 350 76
71 203 42
72 56 34
72 356 31
75 49 89
75 251 56
75 349 71
76 214 50
76 270 93
77 323 59
80 166 87
81 69 82
81 224 77
82 87 61
82 251 99
86 194 76
87 325 98
89 257 81
89 290 46
89 353 54
91 115 44
92 351 62
96 100 99
97 263 26
99 16 55
100 287 100
102 200 87
103 149 54
104 388 99
105 147 61
110 20 79
110 206 80
112 254 85
114 21 31
114 197 37
115 1 93
115 16 46
115 136 82
117 40 81
117 172 24
120 138 93
120 177 28
120 218 24
120 397 34
121 345 83
121 381 24
126 85 77
128 135 22
128 288 89
130 213 66
131 365 90
133 77 78
133 181 60
135 292 25
138 5 56
138 208 66
139 368 81
140 212 51
141 106 96
144 134 88
145 142 97
146 277 49
148 233 86
149 167 70
150 94 60
153 337 57
155 397 60
159 324 49
161 35 86
161 52 37
161 381 90
163 80 48
164 60 96
164 103 42
165 44 79
169 77 81
172 309 24
173 201 60
176 66 46
177 263 45
178 343 75
179 367 78
180 244 85
180 250 29
180 281 64
180 287 95
180 319 94
182 77 45
185 170 44
186 295 85
188 272 86
189 249 96
189 353 55
191 385 81
192 170 34
192 303 81
194 334 24
199 130 24
199 256 35
201 73 74
201 324 92
202 379 87
203 325 95
204 119 83
204 234 79
204 316 65
206 385 52
207 18 80
207 123 71
208 230 24
208 381 96
209 161 28
212 357 36
217 49 78
217 86 53
217 223 53
219 345 80
220 168 75
220 398 87
224 348 79
225 398 99
226 19 48
226 266 91
227 370 80
228 196 65
228 289 60
230 395 72
231 350 50
232 238 43
235 15 68
235 92 27
235 309 71
236 333 72
236 399 94
238 383 84
239 75 74
243 222 87
245 209 79
246 301 71
247 398 72
248 178 58
250 74 73
252 378 85
253 249 30
256 10 58
259 98 98
259 317 34
259 334 81
260 350 91
261 257 78
262 59 66
263 224 70
264 198 84
266 64 52
266 351 44
267 279 38
269 334 99
270 7 88
270 287 75
271 383 91
273 52 100
273 140 28
273 159 30
273 179 33
276 240 85
279 187 75
280 359 42
283 230 47
287 140 90
287 234 23
287 289 71
289 35 42
289 180 36
290 38 43
292 375 87
294 123 47
295 89 97
295 325 24
296 307 58
297 134 86
298 59 68
298 178 26
299 312 30
301 215 52
301 326 30
301 373 79
302 23 77
305 313 87
306 130 77
306 224 40
307 29 87
308 211 56
309 134 39
312 169 67
313 228 55
316 87 58
317 289 68
318 261 32
318 297 65
320 22 44
320 142 22
321 252 54
321 356 82
322 17 69
322 345 20
323 76 28
323 116 22
326 107 59
328 292 100
329 257 50
329 320 73
331 195 81
333 389 71
334 129 68
335 238 90
337 380 90
340 362 92
344 183 61
346 137 57
346 187 54
349 12 85
349 35 47
349 82 87
352 182 91
352 306 71
353 298 73
354 117 73
354 348 54
358 14 54
360 89 74
362 180 100
364 346 77
368 63 77
368 351 56
369 207 98
371 40 40
372 379 48
373 69 66
375 46 89
379 170 96
380 23 79
381 187 41
381 359 76
382 302 30
382 387 81
383 244 67
383 276 31
387 58 45
387 236 27
387 370 59
389 80 33
389 231 85
391 91 80
400 389 86
401 13 64
401 380 94
402 38 27
402 177 52
404 316 54
407 179 82
407 225 60
410 99 44
411 137 77
411 370 20
413 31 64
413 69 25
414 122 21
417 168 66
418 356 65
420 182 89
422 308 71
423 233 65
426 26 95
429 399 40
430 201 91
433 6 25
434 287 32
435 154 61
437 62 73
438 111 36
439 280 22
444 208 87
447 387 85
447 399 96
448 161 86
448 227 35
450 317 31
452 395 70
453 301 57
454 162 95
454 322 47
455 87 90
457 26 28
458 23 21
462 26 21
462 71 48
462 106 40
462 355 22
466 225 44
471 3 47
471 382 35
472 141 90
475 261 86
475 329 59
477 38 68
478 82 92
479 216 39
481 347 79
483 177 69
484 336 57
484 344 94
487 320 25
488 277 74
491 368 73
492 130 31
493 117 21
499 54 30
499 95 53
499 280 83