55
7 188 201
8 207 157
9 19 215
10 123 216
12 109 184
22 27 206
26 76 184
28 17 208
33 7 207
44 112 157
45 143 233
47 191 194
48 222 230
50 107 162
51 82 231
53 151 186
55 108 197
58 255 195
81 219 224
87 219 157
91 175 220
98 71 184
101 215 172
108 59 173
109 160 142
113 41 238
125 252 157
126 55 189
131 244 177
132 248 157
142 52 170
144 232 198
145 88 133
156 233 226
157 213 157
162 79 157
164 184 189
167 142 184
179 53 155
188 152 157
194 179 157
196 4 157
200 47 184
201 163 186
211 255 232
215 65 148
216 70 184
218 72 157
220 225 184
222 243 228
227 69 157
231 65 160
243 178 158
247 57 157
250 143 157
Total tasks completed: 55.0
Total completion time: 319.0
Total cost: 3055.0
Total time elapsed: 412914 ms
