56
4 88 45
15 153 196
18 52 254
19 172 57
20 203 196
25 70 244
30 54 238
31 160 252
32 40 233
35 22 205
38 194 208
45 192 212
47 52 224
48 221 228
49 212 233
57 189 238
59 85 212
60 146 227
63 150 213
67 158 196
68 33 200
69 50 231
70 187 188
76 105 196
79 111 206
80 116 220
86 123 214
93 161 221
94 167 196
101 180 220
103 64 205
108 217 196
111 46 196
116 224 196
123 178 196
129 2 196
131 106 233
132 102 196
133 119 196
134 201 196
136 61 196
137 4 196
138 190 196
140 101 196
146 159 196
148 106 196
151 115 196
162 166 196
178 50 175
179 55 196
183 84 196
185 204 196
186 214 196
188 122 196
189 120 196
191 193 196
Total tasks completed: 56.0
Total completion time: 296.0
Total cost: 3406.0
Total time elapsed: 134140 ms
