71
2 125 258
6 271 172
8 21 331
12 245 268
14 28 247
25 288 236
28 308 286
35 28 286
38 27 293
44 214 272
46 74 309
53 236 265
55 275 307
58 20 300
61 46 272
69 38 285
71 6 290
75 164 267
86 233 295
89 21 281
93 83 284
95 23 252
98 39 278
101 263 307
110 6 163
114 314 267
115 51 273
116 44 267
124 102 279
127 226 270
135 251 252
136 17 263
143 83 192
149 173 284
152 240 252
157 283 262
158 76 261
165 192 252
168 152 252
170 301 252
174 169 252
175 280 252
176 126 151
180 229 261
183 141 252
186 29 244
190 126 252
192 285 252
208 42 252
212 109 252
216 206 268
225 24 252
228 69 252
232 4 252
234 103 252
236 56 252
237 286 252
240 291 252
241 127 252
245 134 250
246 244 252
249 275 234
250 69 309
255 119 252
258 128 252
268 262 252
269 271 251
280 259 252
281 282 252
283 29 332
291 146 259
Total tasks completed: 71.0
Total completion time: 353.0
Total cost: 3988.0
Total time elapsed: 895004 ms
