47
1 69 270
2 24 259
19 24 270
21 122 179
22 53 271
27 126 234
29 49 204
35 24 174
41 102 192
42 10 246
46 103 184
48 37 208
51 107 235
54 104 277
57 1 238
58 138 220
65 72 199
66 90 302
67 105 194
71 44 212
72 89 187
80 17 199
82 25 222
83 92 196
92 110 267
95 1 207
99 18 123
100 54 199
101 96 199
102 94 183
110 7 196
112 137 183
114 23 178
116 113 199
117 110 215
118 137 261
119 56 188
122 27 183
127 131 198
129 103 264
134 28 183
135 9 194
138 18 182
151 57 200
156 95 200
167 29 183
178 136 194
Total tasks completed: 47.0
Total completion time: 351.0
Total cost: 2812.0
Total time elapsed: 178205 ms
