46
4 52 132
6 50 205
9 77 205
11 25 215
14 92 215
16 38 205
19 22 205
25 3 203
26 33 203
28 94 190
51 70 190
58 62 187
61 6 161
68 35 179
75 8 153
78 125 175
79 133 158
82 56 165
87 27 173
91 72 139
93 55 132
100 113 206
102 85 156
107 74 132
108 116 191
109 28 195
110 82 132
111 123 140
112 108 132
113 77 151
116 19 132
121 130 132
122 32 140
125 92 132
131 100 179
134 18 148
137 84 140
138 99 216
140 23 216
143 102 132
144 106 132
149 99 177
153 5 140
154 79 168
156 64 140
158 91 179
Total tasks completed: 46.0
Total completion time: 277.0
Total cost: 2345.0
Total time elapsed: 74637 ms
