164
4 52 59
6 50 145
9 77 188
11 25 184
14 92 98
16 38 43
19 22 93
25 3 130
26 33 106
28 94 144
51 70 139
58 62 141
61 6 72
68 35 40
75 8 90
78 125 95
79 133 73
82 56 32
87 27 122
91 72 54
93 55 96
100 113 138
102 85 124
107 74 85
108 109 73
109 28 156
110 82 77
111 123 71
112 108 29
113 77 151
116 19 96
121 71 62
122 32 114
125 92 135
131 100 93
134 18 132
137 84 34
138 99 216
140 23 216
143 102 129
144 106 70
149 99 177
153 5 39
154 79 95
156 64 99
158 91 178
Total tasks completed: 46
Total completion time: 277
Total cost: 2407
Time elapsed: 30.01 seconds
