250
7 188 27
8 207 157
9 19 186
10 123 68
12 109 165
22 27 124
26 76 118
28 17 200
33 7 145
44 112 28
45 143 218
47 191 98
48 222 147
50 107 162
51 82 95
53 151 82
55 108 103
58 255 193
81 219 146
87 219 65
91 175 197
98 71 173
101 215 97
108 59 32
109 160 50
113 41 238
125 252 69
126 55 153
131 244 176
132 248 91
142 52 155
144 232 98
145 88 118
156 233 185
157 213 41
162 79 59
164 184 174
167 142 184
179 53 67
188 152 64
194 179 109
196 4 115
200 141 64
201 163 186
211 255 172
215 65 148
216 70 168
218 72 96
220 225 32
222 243 198
227 69 144
231 65 160
243 178 89
247 57 80
250 143 59
Total tasks completed: 55
Total completion time: 319
Total cost: 3076
Time elapsed: 30.02 seconds
