180
1 101 132
2 24 190
19 24 201
21 122 148
22 53 62
27 82 30
29 49 47
35 24 149
41 102 76
42 10 83
46 103 184
48 37 196
51 107 154
54 104 78
57 1 222
58 138 193
65 27 122
66 90 264
67 105 85
71 44 117
72 89 28
80 17 153
82 25 63
83 92 152
92 110 139
95 1 191
99 4 43
100 54 45
101 96 112
102 94 113
110 7 148
112 137 51
114 23 36
116 113 156
117 58 49
118 137 125
119 56 46
122 27 82
127 131 53
129 103 264
134 28 120
135 9 64
138 18 123
151 57 200
156 95 200
167 42 44
178 136 95
Total tasks completed: 47
Total completion time: 351
Total cost: 2953
Time elapsed: 30.02 seconds
