300
2 125 156
6 271 98
8 21 215
12 245 29
14 28 130
25 288 131
28 308 125
35 28 109
38 27 150
44 214 130
46 74 194
53 236 122
55 275 92
58 20 151
61 46 47
69 38 44
71 6 112
75 164 86
86 233 98
89 21 165
93 83 284
95 23 35
98 39 26
101 263 149
110 6 49
114 197 45
115 51 199
116 44 52
124 102 185
127 226 188
135 251 137
136 17 141
143 83 192
149 173 189
152 204 48
157 283 112
158 76 117
165 192 69
168 152 101
170 301 84
174 169 115
175 280 153
176 126 132
180 229 107
183 141 67
186 29 178
190 247 73
192 285 90
208 42 124
212 109 107
216 206 108
225 24 89
228 69 107
232 107 93
234 103 104
236 56 58
237 286 149
240 291 25
241 127 96
245 134 123
246 244 134
249 275 113
250 3 86
255 119 137
258 128 52
268 262 37
269 271 142
280 259 125
281 282 154
283 29 266
291 146 35
Total tasks completed: 71
Total completion time: 353
Total cost: 4109
Time elapsed: 30.04 seconds
